date_time,global_solar_kw/m2,incident_solar_kw/m2,date,hour
2024-01-01 00:00:00,0.0,0.0,2024-01-01,0
2024-01-01 01:00:00,0.0,0.0,2024-01-01,1
2024-01-01 02:00:00,0.0,0.0,2024-01-01,2
2024-01-01 03:00:00,0.0,0.0,2024-01-01,3
2024-01-01 04:00:00,0.0,0.0,2024-01-01,4
2024-01-01 05:00:00,0.0,0.0,2024-01-01,5
2024-01-01 06:00:00,0.02755328,0.06116009,2024-01-01,6
2024-01-01 07:00:00,0.1897509,0.2790097,2024-01-01,7
2024-01-01 08:00:00,0.4170048,0.5923046,2024-01-01,8
2024-01-01 09:00:00,0.3545689,0.3913691,2024-01-01,9
2024-01-01 10:00:00,0.3752045,0.3962615,2024-01-01,10
2024-01-01 11:00:00,0.6689849,0.8539702,2024-01-01,11
2024-01-01 12:00:00,0.4719581,0.5344895,2024-01-01,12
2024-01-01 13:00:00,0.4369957,0.5101659,2024-01-01,13
2024-01-01 14:00:00,0.2640724,0.2821442,2024-01-01,14
2024-01-01 15:00:00,0.1705371,0.1894875,2024-01-01,15
2024-01-01 16:00:00,0.06774324,0.1080883,2024-01-01,16
2024-01-01 17:00:00,0.0,0.0,2024-01-01,17
2024-01-01 18:00:00,0.0,0.0,2024-01-01,18
2024-01-01 19:00:00,0.0,0.0,2024-01-01,19
2024-01-01 20:00:00,0.0,0.0,2024-01-01,20
2024-01-01 21:00:00,0.0,0.0,2024-01-01,21
2024-01-01 22:00:00,0.0,0.0,2024-01-01,22
2024-01-01 23:00:00,0.0,0.0,2024-01-01,23
2024-01-02 00:00:00,0.0,0.0,2024-01-02,0
2024-01-02 01:00:00,0.0,0.0,2024-01-02,1
2024-01-02 02:00:00,0.0,0.0,2024-01-02,2
2024-01-02 03:00:00,0.0,0.0,2024-01-02,3
2024-01-02 04:00:00,0.0,0.0,2024-01-02,4
2024-01-02 05:00:00,0.0,0.0,2024-01-02,5
2024-01-02 06:00:00,0.03380566,0.1133568,2024-01-02,6
2024-01-02 07:00:00,0.2361244,0.3967681,2024-01-02,7
2024-01-02 08:00:00,0.4764012,0.689065,2024-01-02,8
2024-01-02 09:00:00,0.6233099,0.8439041,2024-01-02,9
2024-01-02 10:00:00,0.6135798,0.783357,2024-01-02,10
2024-01-02 11:00:00,0.544201,0.6442996,2024-01-02,11
2024-01-02 12:00:00,0.4672055,0.5262711,2024-01-02,12
2024-01-02 13:00:00,0.6087542,0.8047396,2024-01-02,13
2024-01-02 14:00:00,0.4412292,0.596195,2024-01-02,14
2024-01-02 15:00:00,0.3383466,0.5340351,2024-01-02,15
2024-01-02 16:00:00,0.0846296,0.1716192,2024-01-02,16
2024-01-02 17:00:00,0.0,0.0,2024-01-02,17
2024-01-02 18:00:00,0.0,0.0,2024-01-02,18
2024-01-02 19:00:00,0.0,0.0,2024-01-02,19
2024-01-02 20:00:00,0.0,0.0,2024-01-02,20
2024-01-02 21:00:00,0.0,0.0,2024-01-02,21
2024-01-02 22:00:00,0.0,0.0,2024-01-02,22
2024-01-02 23:00:00,0.0,0.0,2024-01-02,23
2024-01-03 00:00:00,0.0,0.0,2024-01-03,0
2024-01-03 01:00:00,0.0,0.0,2024-01-03,1
2024-01-03 02:00:00,0.0,0.0,2024-01-03,2
2024-01-03 03:00:00,0.0,0.0,2024-01-03,3
2024-01-03 04:00:00,0.0,0.0,2024-01-03,4
2024-01-03 05:00:00,0.0,0.0,2024-01-03,5
2024-01-03 06:00:00,0.02155655,0.03283763,2024-01-03,6
2024-01-03 07:00:00,0.1830876,0.2631636,2024-01-03,7
2024-01-03 08:00:00,0.3318907,0.4258873,2024-01-03,8
2024-01-03 09:00:00,0.3643262,0.4063993,2024-01-03,9
2024-01-03 10:00:00,0.7239981,0.9514925,2024-01-03,10
2024-01-03 11:00:00,0.5690433,0.6855377,2024-01-03,11
2024-01-03 12:00:00,0.4168401,0.4493585,2024-01-03,12
2024-01-03 13:00:00,0.491658,0.6031103,2024-01-03,13
2024-01-03 14:00:00,0.4306146,0.5745739,2024-01-03,14
2024-01-03 15:00:00,0.3008618,0.461117,2024-01-03,15
2024-01-03 16:00:00,0.08576211,0.1703917,2024-01-03,16
2024-01-03 17:00:00,2.3464e-07,0.0,2024-01-03,17
2024-01-03 18:00:00,0.0,0.0,2024-01-03,18
2024-01-03 19:00:00,0.0,0.0,2024-01-03,19
2024-01-03 20:00:00,0.0,0.0,2024-01-03,20
2024-01-03 21:00:00,0.0,0.0,2024-01-03,21
2024-01-03 22:00:00,0.0,0.0,2024-01-03,22
2024-01-03 23:00:00,0.0,0.0,2024-01-03,23
2024-01-04 00:00:00,0.0,0.0,2024-01-04,0
2024-01-04 01:00:00,0.0,0.0,2024-01-04,1
2024-01-04 02:00:00,0.0,0.0,2024-01-04,2
2024-01-04 03:00:00,0.0,0.0,2024-01-04,3
2024-01-04 04:00:00,0.0,0.0,2024-01-04,4
2024-01-04 05:00:00,0.0,0.0,2024-01-04,5
2024-01-04 06:00:00,0.03364551,0.1171862,2024-01-04,6
2024-01-04 07:00:00,0.2520369,0.4313966,2024-01-04,7
2024-01-04 08:00:00,0.4671468,0.674365,2024-01-04,8
2024-01-04 09:00:00,0.635435,0.8595849,2024-01-04,9
2024-01-04 10:00:00,0.7143055,0.93721,2024-01-04,10
2024-01-04 11:00:00,0.7676595,0.9980286,2024-01-04,11
2024-01-04 12:00:00,0.7816805,1.022055,2024-01-04,12
2024-01-04 13:00:00,0.6240002,0.8257812,2024-01-04,13
2024-01-04 14:00:00,0.4854789,0.6708026,2024-01-04,14
2024-01-04 15:00:00,0.3164957,0.4899606,2024-01-04,15
2024-01-04 16:00:00,0.1157175,0.2807674,2024-01-04,16
2024-01-04 17:00:00,1.62442e-05,0.0,2024-01-04,17
2024-01-04 18:00:00,0.0,0.0,2024-01-04,18
2024-01-04 19:00:00,0.0,0.0,2024-01-04,19
2024-01-04 20:00:00,0.0,0.0,2024-01-04,20
2024-01-04 21:00:00,0.0,0.0,2024-01-04,21
2024-01-04 22:00:00,0.0,0.0,2024-01-04,22
2024-01-04 23:00:00,0.0,0.0,2024-01-04,23
2024-01-05 00:00:00,0.0,0.0,2024-01-05,0
2024-01-05 01:00:00,0.0,0.0,2024-01-05,1
2024-01-05 02:00:00,0.0,0.0,2024-01-05,2
2024-01-05 03:00:00,0.0,0.0,2024-01-05,3
2024-01-05 04:00:00,0.0,0.0,2024-01-05,4
2024-01-05 05:00:00,0.0,0.0,2024-01-05,5
2024-01-05 06:00:00,0.01501744,0.01672653,2024-01-05,6
2024-01-05 07:00:00,0.1012558,0.1041902,2024-01-05,7
2024-01-05 08:00:00,0.2682169,0.3064823,2024-01-05,8
2024-01-05 09:00:00,0.2991836,0.3117686,2024-01-05,9
2024-01-05 10:00:00,0.4778243,0.5506298,2024-01-05,10
2024-01-05 11:00:00,0.6375692,0.7990226,2024-01-05,11
2024-01-05 12:00:00,0.6365041,0.8065436,2024-01-05,12
2024-01-05 13:00:00,0.5334822,0.6739728,2024-01-05,13
2024-01-05 14:00:00,0.3462302,0.4122511,2024-01-05,14
2024-01-05 15:00:00,0.2007936,0.2386041,2024-01-05,15
2024-01-05 16:00:00,0.05903829,0.07255982,2024-01-05,16
2024-01-05 17:00:00,5.85237e-05,0.0,2024-01-05,17
2024-01-05 18:00:00,0.0,0.0,2024-01-05,18
2024-01-05 19:00:00,0.0,0.0,2024-01-05,19
2024-01-05 20:00:00,0.0,0.0,2024-01-05,20
2024-01-05 21:00:00,0.0,0.0,2024-01-05,21
2024-01-05 22:00:00,0.0,0.0,2024-01-05,22
2024-01-05 23:00:00,0.0,0.0,2024-01-05,23
2024-01-06 00:00:00,0.0,0.0,2024-01-06,0
2024-01-06 01:00:00,0.0,0.0,2024-01-06,1
2024-01-06 02:00:00,0.0,0.0,2024-01-06,2
2024-01-06 03:00:00,0.0,0.0,2024-01-06,3
2024-01-06 04:00:00,0.0,0.0,2024-01-06,4
2024-01-06 05:00:00,0.0,0.0,2024-01-06,5
2024-01-06 06:00:00,0.03065782,0.09459782,2024-01-06,6
2024-01-06 07:00:00,0.1984041,0.3042546,2024-01-06,7
2024-01-06 08:00:00,0.3600717,0.4818503,2024-01-06,8
2024-01-06 09:00:00,0.4491202,0.5502228,2024-01-06,9
2024-01-06 10:00:00,0.4673557,0.5330003,2024-01-06,10
2024-01-06 11:00:00,0.5014802,0.5710575,2024-01-06,11
2024-01-06 12:00:00,0.5768487,0.7051001,2024-01-06,12
2024-01-06 13:00:00,0.5730931,0.7404597,2024-01-06,13
2024-01-06 14:00:00,0.4372427,0.5810401,2024-01-06,14
2024-01-06 15:00:00,0.2058799,0.2468293,2024-01-06,15
2024-01-06 16:00:00,0.08901691,0.1659999,2024-01-06,16
2024-01-06 17:00:00,5.47417e-05,0.0,2024-01-06,17
2024-01-06 18:00:00,0.0,0.0,2024-01-06,18
2024-01-06 19:00:00,0.0,0.0,2024-01-06,19
2024-01-06 20:00:00,0.0,0.0,2024-01-06,20
2024-01-06 21:00:00,0.0,0.0,2024-01-06,21
2024-01-06 22:00:00,0.0,0.0,2024-01-06,22
2024-01-06 23:00:00,0.0,0.0,2024-01-06,23
2024-01-07 00:00:00,0.0,0.0,2024-01-07,0
2024-01-07 01:00:00,0.0,0.0,2024-01-07,1
2024-01-07 02:00:00,0.0,0.0,2024-01-07,2
2024-01-07 03:00:00,0.0,0.0,2024-01-07,3
2024-01-07 04:00:00,0.0,0.0,2024-01-07,4
2024-01-07 05:00:00,0.0,0.0,2024-01-07,5
2024-01-07 06:00:00,0.03229444,0.1111706,2024-01-07,6
2024-01-07 07:00:00,0.2354165,0.3958631,2024-01-07,7
2024-01-07 08:00:00,0.379391,0.5196406,2024-01-07,8
2024-01-07 09:00:00,0.5486629,0.7251529,2024-01-07,9
2024-01-07 10:00:00,0.7243645,0.9484388,2024-01-07,10
2024-01-07 11:00:00,0.7627985,0.9881889,2024-01-07,11
2024-01-07 12:00:00,0.7028729,0.9081699,2024-01-07,12
2024-01-07 13:00:00,0.5802438,0.7507453,2024-01-07,13
2024-01-07 14:00:00,0.4616583,0.6235001,2024-01-07,14
2024-01-07 15:00:00,0.2742739,0.3919107,2024-01-07,15
2024-01-07 16:00:00,0.09240919,0.1736451,2024-01-07,16
2024-01-07 17:00:00,0.000133707,0.0,2024-01-07,17
2024-01-07 18:00:00,0.0,0.0,2024-01-07,18
2024-01-07 19:00:00,0.0,0.0,2024-01-07,19
2024-01-07 20:00:00,0.0,0.0,2024-01-07,20
2024-01-07 21:00:00,0.0,0.0,2024-01-07,21
2024-01-07 22:00:00,0.0,0.0,2024-01-07,22
2024-01-07 23:00:00,0.0,0.0,2024-01-07,23
2024-01-08 00:00:00,0.0,0.0,2024-01-08,0
2024-01-08 01:00:00,0.0,0.0,2024-01-08,1
2024-01-08 02:00:00,0.0,0.0,2024-01-08,2
2024-01-08 03:00:00,0.0,0.0,2024-01-08,3
2024-01-08 04:00:00,0.0,0.0,2024-01-08,4
2024-01-08 05:00:00,0.0,0.0,2024-01-08,5
2024-01-08 06:00:00,0.01844432,0.02465073,2024-01-08,6
2024-01-08 07:00:00,0.1465195,0.1787528,2024-01-08,7
2024-01-08 08:00:00,0.3347593,0.4305027,2024-01-08,8
2024-01-08 09:00:00,0.4003043,0.4638173,2024-01-08,9
2024-01-08 10:00:00,0.5269164,0.6310218,2024-01-08,10
2024-01-08 11:00:00,0.5594371,0.6646539,2024-01-08,11
2024-01-08 12:00:00,0.5810807,0.7095977,2024-01-08,12
2024-01-08 13:00:00,0.6136382,0.8032846,2024-01-08,13
2024-01-08 14:00:00,0.4501986,0.6006452,2024-01-08,14
2024-01-08 15:00:00,0.266571,0.371787,2024-01-08,15
2024-01-08 16:00:00,0.1064934,0.2229033,2024-01-08,16
2024-01-08 17:00:00,0.000186921,0.0,2024-01-08,17
2024-01-08 18:00:00,0.0,0.0,2024-01-08,18
2024-01-08 19:00:00,0.0,0.0,2024-01-08,19
2024-01-08 20:00:00,0.0,0.0,2024-01-08,20
2024-01-08 21:00:00,0.0,0.0,2024-01-08,21
2024-01-08 22:00:00,0.0,0.0,2024-01-08,22
2024-01-08 23:00:00,0.0,0.0,2024-01-08,23
2024-01-09 00:00:00,0.0,0.0,2024-01-09,0
2024-01-09 01:00:00,0.0,0.0,2024-01-09,1
2024-01-09 02:00:00,0.0,0.0,2024-01-09,2
2024-01-09 03:00:00,0.0,0.0,2024-01-09,3
2024-01-09 04:00:00,0.0,0.0,2024-01-09,4
2024-01-09 05:00:00,0.0,0.0,2024-01-09,5
2024-01-09 06:00:00,0.02919733,0.08670456,2024-01-09,6
2024-01-09 07:00:00,0.08084252,0.08054819,2024-01-09,7
2024-01-09 08:00:00,0.1794655,0.1807414,2024-01-09,8
2024-01-09 09:00:00,0.3653655,0.406427,2024-01-09,9
2024-01-09 10:00:00,0.5724118,0.7077708,2024-01-09,10
2024-01-09 11:00:00,0.564152,0.6714551,2024-01-09,11
2024-01-09 12:00:00,0.6491346,0.8213215,2024-01-09,12
2024-01-09 13:00:00,0.3426856,0.3598126,2024-01-09,13
2024-01-09 14:00:00,0.1773548,0.175175,2024-01-09,14
2024-01-09 15:00:00,0.1724905,0.1862713,2024-01-09,15
2024-01-09 16:00:00,0.05688923,0.06346568,2024-01-09,16
2024-01-09 17:00:00,0.000248404,0.0,2024-01-09,17
2024-01-09 18:00:00,0.0,0.0,2024-01-09,18
2024-01-09 19:00:00,0.0,0.0,2024-01-09,19
2024-01-09 20:00:00,0.0,0.0,2024-01-09,20
2024-01-09 21:00:00,0.0,0.0,2024-01-09,21
2024-01-09 22:00:00,0.0,0.0,2024-01-09,22
2024-01-09 23:00:00,0.0,0.0,2024-01-09,23
2024-01-10 00:00:00,0.0,0.0,2024-01-10,0
2024-01-10 01:00:00,0.0,0.0,2024-01-10,1
2024-01-10 02:00:00,0.0,0.0,2024-01-10,2
2024-01-10 03:00:00,0.0,0.0,2024-01-10,3
2024-01-10 04:00:00,0.0,0.0,2024-01-10,4
2024-01-10 05:00:00,0.0,0.0,2024-01-10,5
2024-01-10 06:00:00,0.02905436,0.08665645,2024-01-10,6
2024-01-10 07:00:00,0.2131751,0.341903,2024-01-10,7
2024-01-10 08:00:00,0.3767198,0.5125018,2024-01-10,8
2024-01-10 09:00:00,0.5846454,0.7800505,2024-01-10,9
2024-01-10 10:00:00,0.7155205,0.9326736,2024-01-10,10
2024-01-10 11:00:00,0.8558233,1.108852,2024-01-10,11
2024-01-10 12:00:00,0.8268604,1.074785,2024-01-10,12
2024-01-10 13:00:00,0.717894,0.950161,2024-01-10,13
2024-01-10 14:00:00,0.5689952,0.7869598,2024-01-10,14
2024-01-10 15:00:00,0.3039767,0.4474885,2024-01-10,15
2024-01-10 16:00:00,0.1126603,0.232894,2024-01-10,16
2024-01-10 17:00:00,0.000389965,0.0,2024-01-10,17
2024-01-10 18:00:00,0.0,0.0,2024-01-10,18
2024-01-10 19:00:00,0.0,0.0,2024-01-10,19
2024-01-10 20:00:00,0.0,0.0,2024-01-10,20
2024-01-10 21:00:00,0.0,0.0,2024-01-10,21
2024-01-10 22:00:00,0.0,0.0,2024-01-10,22
2024-01-10 23:00:00,0.0,0.0,2024-01-10,23
2024-01-11 00:00:00,0.0,0.0,2024-01-11,0
2024-01-11 01:00:00,0.0,0.0,2024-01-11,1
2024-01-11 02:00:00,0.0,0.0,2024-01-11,2
2024-01-11 03:00:00,0.0,0.0,2024-01-11,3
2024-01-11 04:00:00,0.0,0.0,2024-01-11,4
2024-01-11 05:00:00,0.0,0.0,2024-01-11,5
2024-01-11 06:00:00,0.0287168,0.08477518,2024-01-11,6
2024-01-11 07:00:00,0.1808837,0.2586731,2024-01-11,7
2024-01-11 08:00:00,0.3269033,0.4134238,2024-01-11,8
2024-01-11 09:00:00,0.4209391,0.4973204,2024-01-11,9
2024-01-11 10:00:00,0.7532086,0.9827248,2024-01-11,10
2024-01-11 11:00:00,0.7213079,0.9232277,2024-01-11,11
2024-01-11 12:00:00,0.6613454,0.8376377,2024-01-11,12
2024-01-11 13:00:00,0.3973457,0.4366217,2024-01-11,13
2024-01-11 14:00:00,0.3581244,0.4243672,2024-01-11,14
2024-01-11 15:00:00,0.2297714,0.2850072,2024-01-11,15
2024-01-11 16:00:00,0.07042513,0.08780714,2024-01-11,16
2024-01-11 17:00:00,0.000519448,0.0,2024-01-11,17
2024-01-11 18:00:00,0.0,0.0,2024-01-11,18
2024-01-11 19:00:00,0.0,0.0,2024-01-11,19
2024-01-11 20:00:00,0.0,0.0,2024-01-11,20
2024-01-11 21:00:00,0.0,0.0,2024-01-11,21
2024-01-11 22:00:00,0.0,0.0,2024-01-11,22
2024-01-11 23:00:00,0.0,0.0,2024-01-11,23
2024-01-12 00:00:00,0.0,0.0,2024-01-12,0
2024-01-12 01:00:00,0.0,0.0,2024-01-12,1
2024-01-12 02:00:00,0.0,0.0,2024-01-12,2
2024-01-12 03:00:00,0.0,0.0,2024-01-12,3
2024-01-12 04:00:00,0.0,0.0,2024-01-12,4
2024-01-12 05:00:00,0.0,0.0,2024-01-12,5
2024-01-12 06:00:00,0.02956988,0.09297188,2024-01-12,6
2024-01-12 07:00:00,0.227099,0.3744404,2024-01-12,7
2024-01-12 08:00:00,0.4192257,0.5898165,2024-01-12,8
2024-01-12 09:00:00,0.5409794,0.7070502,2024-01-12,9
2024-01-12 10:00:00,0.6391738,0.814803,2024-01-12,10
2024-01-12 11:00:00,0.579626,0.6936169,2024-01-12,11
2024-01-12 12:00:00,0.6711828,0.8514856,2024-01-12,12
2024-01-12 13:00:00,0.5395936,0.6723093,2024-01-12,13
2024-01-12 14:00:00,0.3164189,0.352747,2024-01-12,14
2024-01-12 15:00:00,0.2416472,0.3071356,2024-01-12,15
2024-01-12 16:00:00,0.09320326,0.1499767,2024-01-12,16
2024-01-12 17:00:00,0.00070195,0.0,2024-01-12,17
2024-01-12 18:00:00,0.0,0.0,2024-01-12,18
2024-01-12 19:00:00,0.0,0.0,2024-01-12,19
2024-01-12 20:00:00,0.0,0.0,2024-01-12,20
2024-01-12 21:00:00,0.0,0.0,2024-01-12,21
2024-01-12 22:00:00,0.0,0.0,2024-01-12,22
2024-01-12 23:00:00,0.0,0.0,2024-01-12,23
2024-01-13 00:00:00,0.0,0.0,2024-01-13,0
2024-01-13 01:00:00,0.0,0.0,2024-01-13,1
2024-01-13 02:00:00,0.0,0.0,2024-01-13,2
2024-01-13 03:00:00,0.0,0.0,2024-01-13,3
2024-01-13 04:00:00,0.0,0.0,2024-01-13,4
2024-01-13 05:00:00,0.0,0.0,2024-01-13,5
2024-01-13 06:00:00,0.02881793,0.08707182,2024-01-13,6
2024-01-13 07:00:00,0.1439706,0.1731988,2024-01-13,7
2024-01-13 08:00:00,0.3284671,0.4150779,2024-01-13,8
2024-01-13 09:00:00,0.1812851,0.1779687,2024-01-13,9
2024-01-13 10:00:00,0.3450748,0.354357,2024-01-13,10
2024-01-13 11:00:00,0.4075248,0.4279832,2024-01-13,11
2024-01-13 12:00:00,0.3789913,0.3930483,2024-01-13,12
2024-01-13 13:00:00,0.2910126,0.293679,2024-01-13,13
2024-01-13 14:00:00,0.2638865,0.2754304,2024-01-13,14
2024-01-13 15:00:00,0.2121413,0.2476101,2024-01-13,15
2024-01-13 16:00:00,0.09725084,0.158906,2024-01-13,16
2024-01-13 17:00:00,0.000982099,0.0,2024-01-13,17
2024-01-13 18:00:00,0.0,0.0,2024-01-13,18
2024-01-13 19:00:00,0.0,0.0,2024-01-13,19
2024-01-13 20:00:00,0.0,0.0,2024-01-13,20
2024-01-13 21:00:00,0.0,0.0,2024-01-13,21
2024-01-13 22:00:00,0.0,0.0,2024-01-13,22
2024-01-13 23:00:00,0.0,0.0,2024-01-13,23
2024-01-14 00:00:00,0.0,0.0,2024-01-14,0
2024-01-14 01:00:00,0.0,0.0,2024-01-14,1
2024-01-14 02:00:00,0.0,0.0,2024-01-14,2
2024-01-14 03:00:00,0.0,0.0,2024-01-14,3
2024-01-14 04:00:00,0.0,0.0,2024-01-14,4
2024-01-14 05:00:00,0.0,0.0,2024-01-14,5
2024-01-14 06:00:00,0.009095576,0.009469204,2024-01-14,6
2024-01-14 07:00:00,0.0491787,0.04835816,2024-01-14,7
2024-01-14 08:00:00,0.2224447,0.2345024,2024-01-14,8
2024-01-14 09:00:00,0.3752436,0.4195204,2024-01-14,9
2024-01-14 10:00:00,0.2822476,0.2809289,2024-01-14,10
2024-01-14 11:00:00,0.4180813,0.4417414,2024-01-14,11
2024-01-14 12:00:00,0.5429105,0.6368204,2024-01-14,12
2024-01-14 13:00:00,0.5688893,0.7182403,2024-01-14,13
2024-01-14 14:00:00,0.4233379,0.5374321,2024-01-14,14
2024-01-14 15:00:00,0.3098126,0.4469643,2024-01-14,15
2024-01-14 16:00:00,0.1022981,0.1710933,2024-01-14,16
2024-01-14 17:00:00,0.001630617,0.0,2024-01-14,17
2024-01-14 18:00:00,0.0,0.0,2024-01-14,18
2024-01-14 19:00:00,0.0,0.0,2024-01-14,19
2024-01-14 20:00:00,0.0,0.0,2024-01-14,20
2024-01-14 21:00:00,0.0,0.0,2024-01-14,21
2024-01-14 22:00:00,0.0,0.0,2024-01-14,22
2024-01-14 23:00:00,0.0,0.0,2024-01-14,23
2024-01-15 00:00:00,0.0,0.0,2024-01-15,0
2024-01-15 01:00:00,0.0,0.0,2024-01-15,1
2024-01-15 02:00:00,0.0,0.0,2024-01-15,2
2024-01-15 03:00:00,0.0,0.0,2024-01-15,3
2024-01-15 04:00:00,0.0,0.0,2024-01-15,4
2024-01-15 05:00:00,0.0,0.0,2024-01-15,5
2024-01-15 06:00:00,0.02431652,0.05352939,2024-01-15,6
2024-01-15 07:00:00,0.1672425,0.2234121,2024-01-15,7
2024-01-15 08:00:00,0.3402337,0.43628,2024-01-15,8
2024-01-15 09:00:00,0.5373063,0.696824,2024-01-15,9
2024-01-15 10:00:00,0.6863201,0.8831241,2024-01-15,10
2024-01-15 11:00:00,0.7344387,0.9361043,2024-01-15,11
2024-01-15 12:00:00,0.7814884,1.006135,2024-01-15,12
2024-01-15 13:00:00,0.7073697,0.9269537,2024-01-15,13
2024-01-15 14:00:00,0.5152857,0.6963259,2024-01-15,14
2024-01-15 15:00:00,0.2363674,0.2898139,2024-01-15,15
2024-01-15 16:00:00,0.1202182,0.2277676,2024-01-15,16
2024-01-15 17:00:00,0.001232017,0.0,2024-01-15,17
2024-01-15 18:00:00,0.0,0.0,2024-01-15,18
2024-01-15 19:00:00,0.0,0.0,2024-01-15,19
2024-01-15 20:00:00,0.0,0.0,2024-01-15,20
2024-01-15 21:00:00,0.0,0.0,2024-01-15,21
2024-01-15 22:00:00,0.0,0.0,2024-01-15,22
2024-01-15 23:00:00,0.0,0.0,2024-01-15,23
2024-01-16 00:00:00,0.0,0.0,2024-01-16,0
2024-01-16 01:00:00,0.0,0.0,2024-01-16,1
2024-01-16 02:00:00,0.0,0.0,2024-01-16,2
2024-01-16 03:00:00,0.0,0.0,2024-01-16,3
2024-01-16 04:00:00,0.0,0.0,2024-01-16,4
2024-01-16 05:00:00,0.0,0.0,2024-01-16,5
2024-01-16 06:00:00,0.03257645,0.1221512,2024-01-16,6
2024-01-16 07:00:00,0.2413142,0.4014706,2024-01-16,7
2024-01-16 08:00:00,0.4555487,0.6447138,2024-01-16,8
2024-01-16 09:00:00,0.60467,0.8021709,2024-01-16,9
2024-01-16 10:00:00,0.5462725,0.6547989,2024-01-16,10
2024-01-16 11:00:00,0.4072961,0.4262527,2024-01-16,11
2024-01-16 12:00:00,0.294056,0.2921416,2024-01-16,12
2024-01-16 13:00:00,0.2684633,0.2675389,2024-01-16,13
2024-01-16 14:00:00,0.2972686,0.3197312,2024-01-16,14
2024-01-16 15:00:00,0.2393904,0.2936301,2024-01-16,15
2024-01-16 16:00:00,0.07460391,0.08812425,2024-01-16,16
2024-01-16 17:00:00,0.001673606,0.0,2024-01-16,17
2024-01-16 18:00:00,0.0,0.0,2024-01-16,18
2024-01-16 19:00:00,0.0,0.0,2024-01-16,19
2024-01-16 20:00:00,0.0,0.0,2024-01-16,20
2024-01-16 21:00:00,0.0,0.0,2024-01-16,21
2024-01-16 22:00:00,0.0,0.0,2024-01-16,22
2024-01-16 23:00:00,0.0,0.0,2024-01-16,23
2024-01-17 00:00:00,0.0,0.0,2024-01-17,0
2024-01-17 01:00:00,0.0,0.0,2024-01-17,1
2024-01-17 02:00:00,0.0,0.0,2024-01-17,2
2024-01-17 03:00:00,0.0,0.0,2024-01-17,3
2024-01-17 04:00:00,0.0,0.0,2024-01-17,4
2024-01-17 05:00:00,0.0,0.0,2024-01-17,5
2024-01-17 06:00:00,0.02908218,0.09004493,2024-01-17,6
2024-01-17 07:00:00,0.1642092,0.2150973,2024-01-17,7
2024-01-17 08:00:00,0.4029989,0.5541504,2024-01-17,8
2024-01-17 09:00:00,0.5843455,0.7698069,2024-01-17,9
2024-01-17 10:00:00,0.7495801,0.9689066,2024-01-17,10
2024-01-17 11:00:00,0.7692094,0.9820668,2024-01-17,11
2024-01-17 12:00:00,0.7442011,0.951395,2024-01-17,12
2024-01-17 13:00:00,0.5392697,0.6616406,2024-01-17,13
2024-01-17 14:00:00,0.2727236,0.2849208,2024-01-17,14
2024-01-17 15:00:00,0.1273866,0.1266028,2024-01-17,15
2024-01-17 16:00:00,0.06659913,0.07267057,2024-01-17,16
2024-01-17 17:00:00,0.00131547,0.0,2024-01-17,17
2024-01-17 18:00:00,0.0,0.0,2024-01-17,18
2024-01-17 19:00:00,0.0,0.0,2024-01-17,19
2024-01-17 20:00:00,0.0,0.0,2024-01-17,20
2024-01-17 21:00:00,0.0,0.0,2024-01-17,21
2024-01-17 22:00:00,0.0,0.0,2024-01-17,22
2024-01-17 23:00:00,0.0,0.0,2024-01-17,23
2024-01-18 00:00:00,0.0,0.0,2024-01-18,0
2024-01-18 01:00:00,0.0,0.0,2024-01-18,1
2024-01-18 02:00:00,0.0,0.0,2024-01-18,2
2024-01-18 03:00:00,0.0,0.0,2024-01-18,3
2024-01-18 04:00:00,0.0,0.0,2024-01-18,4
2024-01-18 05:00:00,0.0,0.0,2024-01-18,5
2024-01-18 06:00:00,0.02560399,0.06200997,2024-01-18,6
2024-01-18 07:00:00,0.226546,0.366162,2024-01-18,7
2024-01-18 08:00:00,0.2604857,0.2896828,2024-01-18,8
2024-01-18 09:00:00,0.4314596,0.5089274,2024-01-18,9
2024-01-18 10:00:00,0.4289834,0.4657369,2024-01-18,10
2024-01-18 11:00:00,0.5464864,0.6308951,2024-01-18,11
2024-01-18 12:00:00,0.6447684,0.7977393,2024-01-18,12
2024-01-18 13:00:00,0.5490469,0.6760964,2024-01-18,13
2024-01-18 14:00:00,0.4524148,0.5805742,2024-01-18,14
2024-01-18 15:00:00,0.2862931,0.3847252,2024-01-18,15
2024-01-18 16:00:00,0.1275639,0.2340144,2024-01-18,16
2024-01-18 17:00:00,0.002205817,0.0,2024-01-18,17
2024-01-18 18:00:00,0.0,0.0,2024-01-18,18
2024-01-18 19:00:00,0.0,0.0,2024-01-18,19
2024-01-18 20:00:00,0.0,0.0,2024-01-18,20
2024-01-18 21:00:00,0.0,0.0,2024-01-18,21
2024-01-18 22:00:00,0.0,0.0,2024-01-18,22
2024-01-18 23:00:00,0.0,0.0,2024-01-18,23
2024-01-19 00:00:00,0.0,0.0,2024-01-19,0
2024-01-19 01:00:00,0.0,0.0,2024-01-19,1
2024-01-19 02:00:00,0.0,0.0,2024-01-19,2
2024-01-19 03:00:00,0.0,0.0,2024-01-19,3
2024-01-19 04:00:00,0.0,0.0,2024-01-19,4
2024-01-19 05:00:00,0.0,0.0,2024-01-19,5
2024-01-19 06:00:00,0.02528821,0.05943682,2024-01-19,6
2024-01-19 07:00:00,0.2018503,0.305046,2024-01-19,7
2024-01-19 08:00:00,0.3214113,0.3958085,2024-01-19,8
2024-01-19 09:00:00,0.4134637,0.4775175,2024-01-19,9
2024-01-19 10:00:00,0.7031962,0.9009114,2024-01-19,10
2024-01-19 11:00:00,0.7298316,0.9218366,2024-01-19,11
2024-01-19 12:00:00,0.7895327,1.009386,2024-01-19,12
2024-01-19 13:00:00,0.6353217,0.8146058,2024-01-19,13
2024-01-19 14:00:00,0.5565543,0.7501145,2024-01-19,14
2024-01-19 15:00:00,0.2712464,0.3504877,2024-01-19,15
2024-01-19 16:00:00,0.1339335,0.2484253,2024-01-19,16
2024-01-19 17:00:00,0.003000385,0.0,2024-01-19,17
2024-01-19 18:00:00,0.0,0.0,2024-01-19,18
2024-01-19 19:00:00,0.0,0.0,2024-01-19,19
2024-01-19 20:00:00,0.0,0.0,2024-01-19,20
2024-01-19 21:00:00,0.0,0.0,2024-01-19,21
2024-01-19 22:00:00,0.0,0.0,2024-01-19,22
2024-01-19 23:00:00,0.0,0.0,2024-01-19,23
2024-01-20 00:00:00,0.0,0.0,2024-01-20,0
2024-01-20 01:00:00,0.0,0.0,2024-01-20,1
2024-01-20 02:00:00,0.0,0.0,2024-01-20,2
2024-01-20 03:00:00,0.0,0.0,2024-01-20,3
2024-01-20 04:00:00,0.0,0.0,2024-01-20,4
2024-01-20 05:00:00,0.0,0.0,2024-01-20,5
2024-01-20 06:00:00,0.03290151,0.1233736,2024-01-20,6
2024-01-20 07:00:00,0.2379185,0.3879154,2024-01-20,7
2024-01-20 08:00:00,0.4112626,0.5641242,2024-01-20,8
2024-01-20 09:00:00,0.501173,0.6270564,2024-01-20,9
2024-01-20 10:00:00,0.7668347,0.9863901,2024-01-20,10
2024-01-20 11:00:00,0.7219663,0.9081301,2024-01-20,11
2024-01-20 12:00:00,0.7110928,0.8968648,2024-01-20,12
2024-01-20 13:00:00,0.5604137,0.6907806,2024-01-20,13
2024-01-20 14:00:00,0.5314085,0.7093413,2024-01-20,14
2024-01-20 15:00:00,0.3189745,0.4458033,2024-01-20,15
2024-01-20 16:00:00,0.1282515,0.2244405,2024-01-20,16
2024-01-20 17:00:00,0.002881133,0.0,2024-01-20,17
2024-01-20 18:00:00,0.0,0.0,2024-01-20,18
2024-01-20 19:00:00,0.0,0.0,2024-01-20,19
2024-01-20 20:00:00,0.0,0.0,2024-01-20,20
2024-01-20 21:00:00,0.0,0.0,2024-01-20,21
2024-01-20 22:00:00,0.0,0.0,2024-01-20,22
2024-01-20 23:00:00,0.0,0.0,2024-01-20,23
2024-01-21 00:00:00,0.0,0.0,2024-01-21,0
2024-01-21 01:00:00,0.0,0.0,2024-01-21,1
2024-01-21 02:00:00,0.0,0.0,2024-01-21,2
2024-01-21 03:00:00,0.0,0.0,2024-01-21,3
2024-01-21 04:00:00,0.0,0.0,2024-01-21,4
2024-01-21 05:00:00,0.0,0.0,2024-01-21,5
2024-01-21 06:00:00,0.02596267,0.06301866,2024-01-21,6
2024-01-21 07:00:00,0.1350278,0.1535222,2024-01-21,7
2024-01-21 08:00:00,0.2497625,0.271532,2024-01-21,8
2024-01-21 09:00:00,0.4773134,0.5840606,2024-01-21,9
2024-01-21 10:00:00,0.7002149,0.8926991,2024-01-21,10
2024-01-21 11:00:00,0.7260536,0.9121369,2024-01-21,11
2024-01-21 12:00:00,0.4458512,0.4783837,2024-01-21,12
2024-01-21 13:00:00,0.5917848,0.7404194,2024-01-21,13
2024-01-21 14:00:00,0.3917995,0.4651683,2024-01-21,14
2024-01-21 15:00:00,0.1998551,0.2171414,2024-01-21,15
2024-01-21 16:00:00,0.1206209,0.1948429,2024-01-21,16
2024-01-21 17:00:00,0.004775805,0.0,2024-01-21,17
2024-01-21 18:00:00,0.0,0.0,2024-01-21,18
2024-01-21 19:00:00,0.0,0.0,2024-01-21,19
2024-01-21 20:00:00,0.0,0.0,2024-01-21,20
2024-01-21 21:00:00,0.0,0.0,2024-01-21,21
2024-01-21 22:00:00,0.0,0.0,2024-01-21,22
2024-01-21 23:00:00,0.0,0.0,2024-01-21,23
2024-01-22 00:00:00,0.0,0.0,2024-01-22,0
2024-01-22 01:00:00,0.0,0.0,2024-01-22,1
2024-01-22 02:00:00,0.0,0.0,2024-01-22,2
2024-01-22 03:00:00,0.0,0.0,2024-01-22,3
2024-01-22 04:00:00,0.0,0.0,2024-01-22,4
2024-01-22 05:00:00,0.0,0.0,2024-01-22,5
2024-01-22 06:00:00,0.03426999,0.1339563,2024-01-22,6
2024-01-22 07:00:00,0.1784167,0.2433059,2024-01-22,7
2024-01-22 08:00:00,0.2605987,0.2875566,2024-01-22,8
2024-01-22 09:00:00,0.2479679,0.2475076,2024-01-22,9
2024-01-22 10:00:00,0.5419427,0.6386396,2024-01-22,10
2024-01-22 11:00:00,0.5975586,0.7072381,2024-01-22,11
2024-01-22 12:00:00,0.5083508,0.569887,2024-01-22,12
2024-01-22 13:00:00,0.4265857,0.4690093,2024-01-22,13
2024-01-22 14:00:00,0.4407373,0.5494084,2024-01-22,14
2024-01-22 15:00:00,0.2992005,0.3989696,2024-01-22,15
2024-01-22 16:00:00,0.08269706,0.09497371,2024-01-22,16
2024-01-22 17:00:00,0.004066663,0.0,2024-01-22,17
2024-01-22 18:00:00,0.0,0.0,2024-01-22,18
2024-01-22 19:00:00,0.0,0.0,2024-01-22,19
2024-01-22 20:00:00,0.0,0.0,2024-01-22,20
2024-01-22 21:00:00,0.0,0.0,2024-01-22,21
2024-01-22 22:00:00,0.0,0.0,2024-01-22,22
2024-01-22 23:00:00,0.0,0.0,2024-01-22,23
2024-01-23 00:00:00,0.0,0.0,2024-01-23,0
2024-01-23 01:00:00,0.0,0.0,2024-01-23,1
2024-01-23 02:00:00,0.0,0.0,2024-01-23,2
2024-01-23 03:00:00,0.0,0.0,2024-01-23,3
2024-01-23 04:00:00,0.0,0.0,2024-01-23,4
2024-01-23 05:00:00,0.0,0.0,2024-01-23,5
2024-01-23 06:00:00,0.02735833,0.07146769,2024-01-23,6
2024-01-23 07:00:00,0.2185601,0.3385508,2024-01-23,7
2024-01-23 08:00:00,0.5007421,0.6986346,2024-01-23,8
2024-01-23 09:00:00,0.6729239,0.8843411,2024-01-23,9
2024-01-23 10:00:00,0.8121353,1.040105,2024-01-23,10
2024-01-23 11:00:00,0.8169831,1.034294,2024-01-23,11
2024-01-23 12:00:00,0.7174206,0.8995161,2024-01-23,12
2024-01-23 13:00:00,0.6796133,0.8712016,2024-01-23,13
2024-01-23 14:00:00,0.5841806,0.7797632,2024-01-23,14
2024-01-23 15:00:00,0.4070279,0.5908731,2024-01-23,15
2024-01-23 16:00:00,0.1626297,0.3064263,2024-01-23,16
2024-01-23 17:00:00,0.00463978,0.0,2024-01-23,17
2024-01-23 18:00:00,0.0,0.0,2024-01-23,18
2024-01-23 19:00:00,0.0,0.0,2024-01-23,19
2024-01-23 20:00:00,0.0,0.0,2024-01-23,20
2024-01-23 21:00:00,0.0,0.0,2024-01-23,21
2024-01-23 22:00:00,0.0,0.0,2024-01-23,22
2024-01-23 23:00:00,0.0,0.0,2024-01-23,23
2024-01-24 00:00:00,0.0,0.0,2024-01-24,0
2024-01-24 01:00:00,0.0,0.0,2024-01-24,1
2024-01-24 02:00:00,0.0,0.0,2024-01-24,2
2024-01-24 03:00:00,0.0,0.0,2024-01-24,3
2024-01-24 04:00:00,0.0,0.0,2024-01-24,4
2024-01-24 05:00:00,0.0,0.0,2024-01-24,5
2024-01-24 06:00:00,0.0434057,0.205699,2024-01-24,6
2024-01-24 07:00:00,0.2262117,0.3540352,2024-01-24,7
2024-01-24 08:00:00,0.3548918,0.452124,2024-01-24,8
2024-01-24 09:00:00,0.5842822,0.7564327,2024-01-24,9
2024-01-24 10:00:00,0.7392377,0.9416462,2024-01-24,10
2024-01-24 11:00:00,0.795401,1.003768,2024-01-24,11
2024-01-24 12:00:00,0.6695573,0.8239455,2024-01-24,12
2024-01-24 13:00:00,0.4459749,0.495832,2024-01-24,13
2024-01-24 14:00:00,0.4326296,0.5300516,2024-01-24,14
2024-01-24 15:00:00,0.2613532,0.3181781,2024-01-24,15
2024-01-24 16:00:00,0.07276091,0.07699165,2024-01-24,16
2024-01-24 17:00:00,0.004312015,0.0,2024-01-24,17
2024-01-24 18:00:00,0.0,0.0,2024-01-24,18
2024-01-24 19:00:00,0.0,0.0,2024-01-24,19
2024-01-24 20:00:00,0.0,0.0,2024-01-24,20
2024-01-24 21:00:00,0.0,0.0,2024-01-24,21
2024-01-24 22:00:00,0.0,0.0,2024-01-24,22
2024-01-24 23:00:00,0.0,0.0,2024-01-24,23
2024-01-25 00:00:00,0.0,0.0,2024-01-25,0
2024-01-25 01:00:00,0.0,0.0,2024-01-25,1
2024-01-25 02:00:00,0.0,0.0,2024-01-25,2
2024-01-25 03:00:00,0.0,0.0,2024-01-25,3
2024-01-25 04:00:00,0.0,0.0,2024-01-25,4
2024-01-25 05:00:00,0.0,0.0,2024-01-25,5
2024-01-25 06:00:00,0.02532683,0.05494814,2024-01-25,6
2024-01-25 07:00:00,0.2413005,0.3844509,2024-01-25,7
2024-01-25 08:00:00,0.380527,0.4984022,2024-01-25,8
2024-01-25 09:00:00,0.6127717,0.7970767,2024-01-25,9
2024-01-25 10:00:00,0.6809245,0.8556473,2024-01-25,10
2024-01-25 11:00:00,0.7588642,0.9510144,2024-01-25,11
2024-01-25 12:00:00,0.5811713,0.6801398,2024-01-25,12
2024-01-25 13:00:00,0.5660937,0.6884875,2024-01-25,13
2024-01-25 14:00:00,0.450673,0.5592108,2024-01-25,14
2024-01-25 15:00:00,0.3105686,0.4123429,2024-01-25,15
2024-01-25 16:00:00,0.1408267,0.2350754,2024-01-25,16
2024-01-25 17:00:00,0.004359459,0.0,2024-01-25,17
2024-01-25 18:00:00,0.0,0.0,2024-01-25,18
2024-01-25 19:00:00,0.0,0.0,2024-01-25,19
2024-01-25 20:00:00,0.0,0.0,2024-01-25,20
2024-01-25 21:00:00,0.0,0.0,2024-01-25,21
2024-01-25 22:00:00,0.0,0.0,2024-01-25,22
2024-01-25 23:00:00,0.0,0.0,2024-01-25,23
2024-01-26 00:00:00,0.0,0.0,2024-01-26,0
2024-01-26 01:00:00,0.0,0.0,2024-01-26,1
2024-01-26 02:00:00,0.0,0.0,2024-01-26,2
2024-01-26 03:00:00,0.0,0.0,2024-01-26,3
2024-01-26 04:00:00,0.0,0.0,2024-01-26,4
2024-01-26 05:00:00,0.0,0.0,2024-01-26,5
2024-01-26 06:00:00,0.03172324,0.1032034,2024-01-26,6
2024-01-26 07:00:00,0.1661524,0.2102829,2024-01-26,7
2024-01-26 08:00:00,0.3313552,0.4048863,2024-01-26,8
2024-01-26 09:00:00,0.5401922,0.6815559,2024-01-26,9
2024-01-26 10:00:00,0.5564584,0.6555215,2024-01-26,10
2024-01-26 11:00:00,0.4124068,0.4275386,2024-01-26,11
2024-01-26 12:00:00,0.5406302,0.6139552,2024-01-26,12
2024-01-26 13:00:00,0.5696896,0.6919819,2024-01-26,13
2024-01-26 14:00:00,0.3379998,0.3695605,2024-01-26,14
2024-01-26 15:00:00,0.3008536,0.3898988,2024-01-26,15
2024-01-26 16:00:00,0.09673794,0.1157219,2024-01-26,16
2024-01-26 17:00:00,0.006357423,0.0,2024-01-26,17
2024-01-26 18:00:00,0.0,0.0,2024-01-26,18
2024-01-26 19:00:00,0.0,0.0,2024-01-26,19
2024-01-26 20:00:00,0.0,0.0,2024-01-26,20
2024-01-26 21:00:00,0.0,0.0,2024-01-26,21
2024-01-26 22:00:00,0.0,0.0,2024-01-26,22
2024-01-26 23:00:00,0.0,0.0,2024-01-26,23
2024-01-27 00:00:00,0.0,0.0,2024-01-27,0
2024-01-27 01:00:00,0.0,0.0,2024-01-27,1
2024-01-27 02:00:00,0.0,0.0,2024-01-27,2
2024-01-27 03:00:00,0.0,0.0,2024-01-27,3
2024-01-27 04:00:00,0.0,0.0,2024-01-27,4
2024-01-27 05:00:00,0.0,0.0,2024-01-27,5
2024-01-27 06:00:00,0.03651386,0.145292,2024-01-27,6
2024-01-27 07:00:00,0.1811294,0.241928,2024-01-27,7
2024-01-27 08:00:00,0.3343739,0.4088137,2024-01-27,8
2024-01-27 09:00:00,0.6018226,0.7764229,2024-01-27,9
2024-01-27 10:00:00,0.7092304,0.8927591,2024-01-27,10
2024-01-27 11:00:00,0.7765635,0.9712181,2024-01-27,11
2024-01-27 12:00:00,0.7398355,0.9227124,2024-01-27,12
2024-01-27 13:00:00,0.661145,0.8338903,2024-01-27,13
2024-01-27 14:00:00,0.4594635,0.5692376,2024-01-27,14
2024-01-27 15:00:00,0.2300742,0.2574806,2024-01-27,15
2024-01-27 16:00:00,0.1473435,0.243185,2024-01-27,16
2024-01-27 17:00:00,0.007079777,0.0,2024-01-27,17
2024-01-27 18:00:00,0.0,0.0,2024-01-27,18
2024-01-27 19:00:00,0.0,0.0,2024-01-27,19
2024-01-27 20:00:00,0.0,0.0,2024-01-27,20
2024-01-27 21:00:00,0.0,0.0,2024-01-27,21
2024-01-27 22:00:00,0.0,0.0,2024-01-27,22
2024-01-27 23:00:00,0.0,0.0,2024-01-27,23
2024-01-28 00:00:00,0.0,0.0,2024-01-28,0
2024-01-28 01:00:00,0.0,0.0,2024-01-28,1
2024-01-28 02:00:00,0.0,0.0,2024-01-28,2
2024-01-28 03:00:00,0.0,0.0,2024-01-28,3
2024-01-28 04:00:00,0.0,0.0,2024-01-28,4
2024-01-28 05:00:00,0.0,0.0,2024-01-28,5
2024-01-28 06:00:00,0.02329092,0.04055035,2024-01-28,6
2024-01-28 07:00:00,0.02276022,0.02220147,2024-01-28,7
2024-01-28 08:00:00,0.03881896,0.03780126,2024-01-28,8
2024-01-28 09:00:00,0.04856757,0.04726199,2024-01-28,9
2024-01-28 10:00:00,0.1687894,0.1649435,2024-01-28,10
2024-01-28 11:00:00,0.2055675,0.2010264,2024-01-28,11
2024-01-28 12:00:00,0.1935241,0.1891901,2024-01-28,12
2024-01-28 13:00:00,0.1925063,0.1884142,2024-01-28,13
2024-01-28 14:00:00,0.1442804,0.1412419,2024-01-28,14
2024-01-28 15:00:00,0.09974713,0.0978671,2024-01-28,15
2024-01-28 16:00:00,0.1088665,0.1371959,2024-01-28,16
2024-01-28 17:00:00,0.008615128,0.0,2024-01-28,17
2024-01-28 18:00:00,0.0,0.0,2024-01-28,18
2024-01-28 19:00:00,0.0,0.0,2024-01-28,19
2024-01-28 20:00:00,0.0,0.0,2024-01-28,20
2024-01-28 21:00:00,0.0,0.0,2024-01-28,21
2024-01-28 22:00:00,0.0,0.0,2024-01-28,22
2024-01-28 23:00:00,0.0,0.0,2024-01-28,23
2024-01-29 00:00:00,0.0,0.0,2024-01-29,0
2024-01-29 01:00:00,0.0,0.0,2024-01-29,1
2024-01-29 02:00:00,0.0,0.0,2024-01-29,2
2024-01-29 03:00:00,0.0,0.0,2024-01-29,3
2024-01-29 04:00:00,0.0,0.0,2024-01-29,4
2024-01-29 05:00:00,0.0,0.0,2024-01-29,5
2024-01-29 06:00:00,0.03151647,0.09420535,2024-01-29,6
2024-01-29 07:00:00,0.2100596,0.3048647,2024-01-29,7
2024-01-29 08:00:00,0.4486181,0.6078025,2024-01-29,8
2024-01-29 09:00:00,0.505463,0.6172392,2024-01-29,9
2024-01-29 10:00:00,0.624562,0.7591563,2024-01-29,10
2024-01-29 11:00:00,0.5325949,0.5932138,2024-01-29,11
2024-01-29 12:00:00,0.3714543,0.3768776,2024-01-29,12
2024-01-29 13:00:00,0.6097535,0.7491118,2024-01-29,13
2024-01-29 14:00:00,0.376933,0.4255244,2024-01-29,14
2024-01-29 15:00:00,0.3396181,0.4557354,2024-01-29,15
2024-01-29 16:00:00,0.1724524,0.2992066,2024-01-29,16
2024-01-29 17:00:00,0.008339371,0.0,2024-01-29,17
2024-01-29 18:00:00,0.0,0.0,2024-01-29,18
2024-01-29 19:00:00,0.0,0.0,2024-01-29,19
2024-01-29 20:00:00,0.0,0.0,2024-01-29,20
2024-01-29 21:00:00,0.0,0.0,2024-01-29,21
2024-01-29 22:00:00,0.0,0.0,2024-01-29,22
2024-01-29 23:00:00,0.0,0.0,2024-01-29,23
2024-01-30 00:00:00,0.0,0.0,2024-01-30,0
2024-01-30 01:00:00,0.0,0.0,2024-01-30,1
2024-01-30 02:00:00,0.0,0.0,2024-01-30,2
2024-01-30 03:00:00,0.0,0.0,2024-01-30,3
2024-01-30 04:00:00,0.0,0.0,2024-01-30,4
2024-01-30 05:00:00,0.0,0.0,2024-01-30,5
2024-01-30 06:00:00,0.03799124,0.1504051,2024-01-30,6
2024-01-30 07:00:00,0.1791286,0.2321742,2024-01-30,7
2024-01-30 08:00:00,0.1707851,0.1693884,2024-01-30,8
2024-01-30 09:00:00,0.3286073,0.3422664,2024-01-30,9
2024-01-30 10:00:00,0.2581432,0.2539757,2024-01-30,10
2024-01-30 11:00:00,0.3727602,0.3771108,2024-01-30,11
2024-01-30 12:00:00,0.3636149,0.367272,2024-01-30,12
2024-01-30 13:00:00,0.4556774,0.5020407,2024-01-30,13
2024-01-30 14:00:00,0.4587552,0.5600612,2024-01-30,14
2024-01-30 15:00:00,0.3126318,0.4007366,2024-01-30,15
2024-01-30 16:00:00,0.1753152,0.3010004,2024-01-30,16
2024-01-30 17:00:00,0.01121426,0.0,2024-01-30,17
2024-01-30 18:00:00,0.0,0.0,2024-01-30,18
2024-01-30 19:00:00,0.0,0.0,2024-01-30,19
2024-01-30 20:00:00,0.0,0.0,2024-01-30,20
2024-01-30 21:00:00,0.0,0.0,2024-01-30,21
2024-01-30 22:00:00,0.0,0.0,2024-01-30,22
2024-01-30 23:00:00,0.0,0.0,2024-01-30,23
2024-01-31 00:00:00,0.0,0.0,2024-01-31,0
2024-01-31 01:00:00,0.0,0.0,2024-01-31,1
2024-01-31 02:00:00,0.0,0.0,2024-01-31,2
2024-01-31 03:00:00,0.0,0.0,2024-01-31,3
2024-01-31 04:00:00,0.0,0.0,2024-01-31,4
2024-01-31 05:00:00,0.0,0.0,2024-01-31,5
2024-01-31 06:00:00,0.03062441,0.08158899,2024-01-31,6
2024-01-31 07:00:00,0.2107191,0.3012662,2024-01-31,7
2024-01-31 08:00:00,0.3792923,0.4831894,2024-01-31,8
2024-01-31 09:00:00,0.6280452,0.805005,2024-01-31,9
2024-01-31 10:00:00,0.793321,0.9969241,2024-01-31,10
2024-01-31 11:00:00,0.7851284,0.9732413,2024-01-31,11
2024-01-31 12:00:00,0.6841324,0.8293262,2024-01-31,12
2024-01-31 13:00:00,0.7055011,0.8873875,2024-01-31,13
2024-01-31 14:00:00,0.5813444,0.7542222,2024-01-31,14
2024-01-31 15:00:00,0.3715898,0.5075363,2024-01-31,15
2024-01-31 16:00:00,0.1674497,0.2764223,2024-01-31,16
2024-01-31 17:00:00,0.006032215,0.0,2024-01-31,17
2024-01-31 18:00:00,0.0,0.0,2024-01-31,18
2024-01-31 19:00:00,0.0,0.0,2024-01-31,19
2024-01-31 20:00:00,0.0,0.0,2024-01-31,20
2024-01-31 21:00:00,0.0,0.0,2024-01-31,21
2024-01-31 22:00:00,0.0,0.0,2024-01-31,22
2024-01-31 23:00:00,0.0,0.0,2024-01-31,23
2024-02-01 00:00:00,0.0,0.0,2024-02-01,0
2024-02-01 01:00:00,0.0,0.0,2024-02-01,1
2024-02-01 02:00:00,0.0,0.0,2024-02-01,2
2024-02-01 03:00:00,0.0,0.0,2024-02-01,3
2024-02-01 04:00:00,0.0,0.0,2024-02-01,4
2024-02-01 05:00:00,0.0,0.0,2024-02-01,5
2024-02-01 06:00:00,0.02197468,0.03169999,2024-02-01,6
2024-02-01 07:00:00,0.03400515,0.03323322,2024-02-01,7
2024-02-01 08:00:00,0.277294,0.3053466,2024-02-01,8
2024-02-01 09:00:00,0.3898906,0.4260877,2024-02-01,9
2024-02-01 10:00:00,0.6131505,0.7341828,2024-02-01,10
2024-02-01 11:00:00,0.7218708,0.8799478,2024-02-01,11
2024-02-01 12:00:00,0.6007711,0.6968017,2024-02-01,12
2024-02-01 13:00:00,0.6045405,0.7329094,2024-02-01,13
2024-02-01 14:00:00,0.5712985,0.7366148,2024-02-01,14
2024-02-01 15:00:00,0.3892522,0.5344743,2024-02-01,15
2024-02-01 16:00:00,0.1465019,0.216706,2024-02-01,16
2024-02-01 17:00:00,0.009492041,0.0,2024-02-01,17
2024-02-01 18:00:00,0.0,0.0,2024-02-01,18
2024-02-01 19:00:00,0.0,0.0,2024-02-01,19
2024-02-01 20:00:00,0.0,0.0,2024-02-01,20
2024-02-01 21:00:00,0.0,0.0,2024-02-01,21
2024-02-01 22:00:00,0.0,0.0,2024-02-01,22
2024-02-01 23:00:00,0.0,0.0,2024-02-01,23
2024-02-02 00:00:00,0.0,0.0,2024-02-02,0
2024-02-02 01:00:00,0.0,0.0,2024-02-02,1
2024-02-02 02:00:00,0.0,0.0,2024-02-02,2
2024-02-02 03:00:00,0.0,0.0,2024-02-02,3
2024-02-02 04:00:00,0.0,0.0,2024-02-02,4
2024-02-02 05:00:00,0.0,0.0,2024-02-02,5
2024-02-02 06:00:00,0.02580284,0.04602588,2024-02-02,6
2024-02-02 07:00:00,0.1007344,0.1012832,2024-02-02,7
2024-02-02 08:00:00,0.3188728,0.3716157,2024-02-02,8
2024-02-02 09:00:00,0.2273938,0.224224,2024-02-02,9
2024-02-02 10:00:00,0.3752967,0.3842824,2024-02-02,10
2024-02-02 11:00:00,0.1304426,0.1271719,2024-02-02,11
2024-02-02 12:00:00,0.2570475,0.2520663,2024-02-02,12
2024-02-02 13:00:00,0.1768593,0.172885,2024-02-02,13
2024-02-02 14:00:00,0.08218829,0.08012729,2024-02-02,14
2024-02-02 15:00:00,0.04583025,0.04467812,2024-02-02,15
2024-02-02 16:00:00,0.01980931,0.01935317,2024-02-02,16
2024-02-02 17:00:00,0.01234418,0.0,2024-02-02,17
2024-02-02 18:00:00,0.0,0.0,2024-02-02,18
2024-02-02 19:00:00,0.0,0.0,2024-02-02,19
2024-02-02 20:00:00,0.0,0.0,2024-02-02,20
2024-02-02 21:00:00,0.0,0.0,2024-02-02,21
2024-02-02 22:00:00,0.0,0.0,2024-02-02,22
2024-02-02 23:00:00,0.0,0.0,2024-02-02,23
2024-02-03 00:00:00,0.0,0.0,2024-02-03,0
2024-02-03 01:00:00,0.0,0.0,2024-02-03,1
2024-02-03 02:00:00,0.0,0.0,2024-02-03,2
2024-02-03 03:00:00,0.0,0.0,2024-02-03,3
2024-02-03 04:00:00,0.0,0.0,2024-02-03,4
2024-02-03 05:00:00,0.0,0.0,2024-02-03,5
2024-02-03 06:00:00,0.018395,0.02114449,2024-02-03,6
2024-02-03 07:00:00,0.1583864,0.184527,2024-02-03,7
2024-02-03 08:00:00,0.1064655,0.1041806,2024-02-03,8
2024-02-03 09:00:00,0.1065911,0.1039833,2024-02-03,9
2024-02-03 10:00:00,0.2193841,0.2147339,2024-02-03,10
2024-02-03 11:00:00,0.6701403,0.7964057,2024-02-03,11
2024-02-03 12:00:00,0.7261829,0.8845443,2024-02-03,12
2024-02-03 13:00:00,0.5323634,0.6132388,2024-02-03,13
2024-02-03 14:00:00,0.3364202,0.3583909,2024-02-03,14
2024-02-03 15:00:00,0.1491283,0.1477567,2024-02-03,15
2024-02-03 16:00:00,0.06355561,0.06316883,2024-02-03,16
2024-02-03 17:00:00,0.004240483,0.0,2024-02-03,17
2024-02-03 18:00:00,0.0,0.0,2024-02-03,18
2024-02-03 19:00:00,0.0,0.0,2024-02-03,19
2024-02-03 20:00:00,0.0,0.0,2024-02-03,20
2024-02-03 21:00:00,0.0,0.0,2024-02-03,21
2024-02-03 22:00:00,0.0,0.0,2024-02-03,22
2024-02-03 23:00:00,0.0,0.0,2024-02-03,23
2024-02-04 00:00:00,0.0,0.0,2024-02-04,0
2024-02-04 01:00:00,0.0,0.0,2024-02-04,1
2024-02-04 02:00:00,0.0,0.0,2024-02-04,2
2024-02-04 03:00:00,0.0,0.0,2024-02-04,3
2024-02-04 04:00:00,0.0,0.0,2024-02-04,4
2024-02-04 05:00:00,0.0,0.0,2024-02-04,5
2024-02-04 06:00:00,0.02647971,0.04398784,2024-02-04,6
2024-02-04 07:00:00,0.2698953,0.4105587,2024-02-04,7
2024-02-04 08:00:00,0.5237495,0.7010047,2024-02-04,8
2024-02-04 09:00:00,0.7367573,0.9394041,2024-02-04,9
2024-02-04 10:00:00,0.85579,1.06662,2024-02-04,10
2024-02-04 11:00:00,0.8809663,1.087532,2024-02-04,11
2024-02-04 12:00:00,0.9019315,1.115968,2024-02-04,12
2024-02-04 13:00:00,0.8096367,1.013433,2024-02-04,13
2024-02-04 14:00:00,0.571891,0.7285728,2024-02-04,14
2024-02-04 15:00:00,0.3388586,0.4346478,2024-02-04,15
2024-02-04 16:00:00,0.1455928,0.2023373,2024-02-04,16
2024-02-04 17:00:00,0.007687478,0.0,2024-02-04,17
2024-02-04 18:00:00,0.0,0.0,2024-02-04,18
2024-02-04 19:00:00,0.0,0.0,2024-02-04,19
2024-02-04 20:00:00,0.0,0.0,2024-02-04,20
2024-02-04 21:00:00,0.0,0.0,2024-02-04,21
2024-02-04 22:00:00,0.0,0.0,2024-02-04,22
2024-02-04 23:00:00,0.0,0.0,2024-02-04,23
2024-02-05 00:00:00,0.0,0.0,2024-02-05,0
2024-02-05 01:00:00,0.0,0.0,2024-02-05,1
2024-02-05 02:00:00,0.0,0.0,2024-02-05,2
2024-02-05 03:00:00,0.0,0.0,2024-02-05,3
2024-02-05 04:00:00,0.0,0.0,2024-02-05,4
2024-02-05 05:00:00,0.0,0.0,2024-02-05,5
2024-02-05 06:00:00,0.04578617,0.1712463,2024-02-05,6
2024-02-05 07:00:00,0.2667263,0.4017512,2024-02-05,7
2024-02-05 08:00:00,0.4505309,0.5921215,2024-02-05,8
2024-02-05 09:00:00,0.4525312,0.5166293,2024-02-05,9
2024-02-05 10:00:00,0.6254307,0.7438864,2024-02-05,10
2024-02-05 11:00:00,0.8642699,1.063765,2024-02-05,11
2024-02-05 12:00:00,0.8266591,1.01787,2024-02-05,12
2024-02-05 13:00:00,0.5938707,0.7056065,2024-02-05,13
2024-02-05 14:00:00,0.4386202,0.5116324,2024-02-05,14
2024-02-05 15:00:00,0.3493779,0.450713,2024-02-05,15
2024-02-05 16:00:00,0.08569549,0.08828948,2024-02-05,16
2024-02-05 17:00:00,0.008179006,0.0,2024-02-05,17
2024-02-05 18:00:00,0.0,0.0,2024-02-05,18
2024-02-05 19:00:00,0.0,0.0,2024-02-05,19
2024-02-05 20:00:00,0.0,0.0,2024-02-05,20
2024-02-05 21:00:00,0.0,0.0,2024-02-05,21
2024-02-05 22:00:00,0.0,0.0,2024-02-05,22
2024-02-05 23:00:00,0.0,0.0,2024-02-05,23
2024-02-06 00:00:00,0.0,0.0,2024-02-06,0
2024-02-06 01:00:00,0.0,0.0,2024-02-06,1
2024-02-06 02:00:00,0.0,0.0,2024-02-06,2
2024-02-06 03:00:00,0.0,0.0,2024-02-06,3
2024-02-06 04:00:00,0.0,0.0,2024-02-06,4
2024-02-06 05:00:00,0.0,0.0,2024-02-06,5
2024-02-06 06:00:00,0.0373341,0.09807289,2024-02-06,6
2024-02-06 07:00:00,0.152654,0.1711457,2024-02-06,7
2024-02-06 08:00:00,0.3681804,0.4493882,2024-02-06,8
2024-02-06 09:00:00,0.5555748,0.6797811,2024-02-06,9
2024-02-06 10:00:00,0.5030864,0.5538925,2024-02-06,10
2024-02-06 11:00:00,0.7128311,0.8533984,2024-02-06,11
2024-02-06 12:00:00,0.7998838,0.9798965,2024-02-06,12
2024-02-06 13:00:00,0.4265119,0.4518903,2024-02-06,13
2024-02-06 14:00:00,0.4532163,0.533144,2024-02-06,14
2024-02-06 15:00:00,0.3869669,0.513619,2024-02-06,15
2024-02-06 16:00:00,0.1604585,0.2308018,2024-02-06,16
2024-02-06 17:00:00,0.01478622,0.0,2024-02-06,17
2024-02-06 18:00:00,0.0,0.0,2024-02-06,18
2024-02-06 19:00:00,0.0,0.0,2024-02-06,19
2024-02-06 20:00:00,0.0,0.0,2024-02-06,20
2024-02-06 21:00:00,0.0,0.0,2024-02-06,21
2024-02-06 22:00:00,0.0,0.0,2024-02-06,22
2024-02-06 23:00:00,0.0,0.0,2024-02-06,23
2024-02-07 00:00:00,0.0,0.0,2024-02-07,0
2024-02-07 01:00:00,0.0,0.0,2024-02-07,1
2024-02-07 02:00:00,0.0,0.0,2024-02-07,2
2024-02-07 03:00:00,0.0,0.0,2024-02-07,3
2024-02-07 04:00:00,0.0,0.0,2024-02-07,4
2024-02-07 05:00:00,0.0,0.0,2024-02-07,5
2024-02-07 06:00:00,0.0364354,0.08532878,2024-02-07,6
2024-02-07 07:00:00,0.2551847,0.3736421,2024-02-07,7
2024-02-07 08:00:00,0.4936394,0.6510285,2024-02-07,8
2024-02-07 09:00:00,0.6691278,0.8428512,2024-02-07,9
2024-02-07 10:00:00,0.859244,1.062419,2024-02-07,10
2024-02-07 11:00:00,0.8259866,1.009572,2024-02-07,11
2024-02-07 12:00:00,0.7111387,0.8514436,2024-02-07,12
2024-02-07 13:00:00,0.6810903,0.8327587,2024-02-07,13
2024-02-07 14:00:00,0.3571092,0.3831295,2024-02-07,14
2024-02-07 15:00:00,0.2811823,0.3237821,2024-02-07,15
2024-02-07 16:00:00,0.08658836,0.0886252,2024-02-07,16
2024-02-07 17:00:00,0.01038902,0.0,2024-02-07,17
2024-02-07 18:00:00,0.0,0.0,2024-02-07,18
2024-02-07 19:00:00,0.0,0.0,2024-02-07,19
2024-02-07 20:00:00,0.0,0.0,2024-02-07,20
2024-02-07 21:00:00,0.0,0.0,2024-02-07,21
2024-02-07 22:00:00,0.0,0.0,2024-02-07,22
2024-02-07 23:00:00,0.0,0.0,2024-02-07,23
2024-02-08 00:00:00,0.0,0.0,2024-02-08,0
2024-02-08 01:00:00,0.0,0.0,2024-02-08,1
2024-02-08 02:00:00,0.0,0.0,2024-02-08,2
2024-02-08 03:00:00,0.0,0.0,2024-02-08,3
2024-02-08 04:00:00,0.0,0.0,2024-02-08,4
2024-02-08 05:00:00,0.0,0.0,2024-02-08,5
2024-02-08 06:00:00,0.02214496,0.02554165,2024-02-08,6
2024-02-08 07:00:00,0.2085212,0.2745387,2024-02-08,7
2024-02-08 08:00:00,0.3230498,0.3687664,2024-02-08,8
2024-02-08 09:00:00,0.5481157,0.6627448,2024-02-08,9
2024-02-08 10:00:00,0.5205341,0.5765331,2024-02-08,10
2024-02-08 11:00:00,0.4526917,0.4703505,2024-02-08,11
2024-02-08 12:00:00,0.5775405,0.6469601,2024-02-08,12
2024-02-08 13:00:00,0.7814395,0.9660991,2024-02-08,13
2024-02-08 14:00:00,0.6197709,0.7846721,2024-02-08,14
2024-02-08 15:00:00,0.3741958,0.4849995,2024-02-08,15
2024-02-08 16:00:00,0.188974,0.2893869,2024-02-08,16
2024-02-08 17:00:00,0.01598346,0.0,2024-02-08,17
2024-02-08 18:00:00,0.0,0.0,2024-02-08,18
2024-02-08 19:00:00,0.0,0.0,2024-02-08,19
2024-02-08 20:00:00,0.0,0.0,2024-02-08,20
2024-02-08 21:00:00,0.0,0.0,2024-02-08,21
2024-02-08 22:00:00,0.0,0.0,2024-02-08,22
2024-02-08 23:00:00,0.0,0.0,2024-02-08,23
2024-02-09 00:00:00,0.0,0.0,2024-02-09,0
2024-02-09 01:00:00,0.0,0.0,2024-02-09,1
2024-02-09 02:00:00,0.0,0.0,2024-02-09,2
2024-02-09 03:00:00,0.0,0.0,2024-02-09,3
2024-02-09 04:00:00,0.0,0.0,2024-02-09,4
2024-02-09 05:00:00,0.0,0.0,2024-02-09,5
2024-02-09 06:00:00,0.004609616,0.004547218,2024-02-09,6
2024-02-09 07:00:00,0.04719291,0.04616962,2024-02-09,7
2024-02-09 08:00:00,0.0380248,0.03700585,2024-02-09,8
2024-02-09 09:00:00,0.1530789,0.1495757,2024-02-09,9
2024-02-09 10:00:00,0.144991,0.1414294,2024-02-09,10
2024-02-09 11:00:00,0.09350897,0.0910295,2024-02-09,11
2024-02-09 12:00:00,0.05819197,0.05659259,2024-02-09,12
2024-02-09 13:00:00,0.09384696,0.09140012,2024-02-09,13
2024-02-09 14:00:00,0.06322266,0.06155386,2024-02-09,14
2024-02-09 15:00:00,0.04411963,0.04297888,2024-02-09,15
2024-02-09 16:00:00,0.002099578,0.002039315,2024-02-09,16
2024-02-09 17:00:00,0.001587022,0.0,2024-02-09,17
2024-02-09 18:00:00,0.0,0.0,2024-02-09,18
2024-02-09 19:00:00,0.0,0.0,2024-02-09,19
2024-02-09 20:00:00,0.0,0.0,2024-02-09,20
2024-02-09 21:00:00,0.0,0.0,2024-02-09,21
2024-02-09 22:00:00,0.0,0.0,2024-02-09,22
2024-02-09 23:00:00,0.0,0.0,2024-02-09,23
2024-02-10 00:00:00,0.0,0.0,2024-02-10,0
2024-02-10 01:00:00,0.0,0.0,2024-02-10,1
2024-02-10 02:00:00,0.0,0.0,2024-02-10,2
2024-02-10 03:00:00,0.0,0.0,2024-02-10,3
2024-02-10 04:00:00,0.0,0.0,2024-02-10,4
2024-02-10 05:00:00,0.0,0.0,2024-02-10,5
2024-02-10 06:00:00,0.007289293,0.007246808,2024-02-10,6
2024-02-10 07:00:00,0.01998127,0.01945811,2024-02-10,7
2024-02-10 08:00:00,0.05112841,0.04979729,2024-02-10,8
2024-02-10 09:00:00,0.03342231,0.0324915,2024-02-10,9
2024-02-10 10:00:00,0.1017636,0.09911567,2024-02-10,10
2024-02-10 11:00:00,0.09282411,0.09035756,2024-02-10,11
2024-02-10 12:00:00,0.1056818,0.1029167,2024-02-10,12
2024-02-10 13:00:00,0.07136583,0.06944945,2024-02-10,13
2024-02-10 14:00:00,0.06203287,0.06038925,2024-02-10,14
2024-02-10 15:00:00,0.04476784,0.04360916,2024-02-10,15
2024-02-10 16:00:00,0.04946693,0.04861817,2024-02-10,16
2024-02-10 17:00:00,0.005658116,0.0,2024-02-10,17
2024-02-10 18:00:00,0.0,0.0,2024-02-10,18
2024-02-10 19:00:00,0.0,0.0,2024-02-10,19
2024-02-10 20:00:00,0.0,0.0,2024-02-10,20
2024-02-10 21:00:00,0.0,0.0,2024-02-10,21
2024-02-10 22:00:00,0.0,0.0,2024-02-10,22
2024-02-10 23:00:00,0.0,0.0,2024-02-10,23
2024-02-11 00:00:00,0.0,0.0,2024-02-11,0
2024-02-11 01:00:00,0.0,0.0,2024-02-11,1
2024-02-11 02:00:00,0.0,0.0,2024-02-11,2
2024-02-11 03:00:00,0.0,0.0,2024-02-11,3
2024-02-11 04:00:00,0.0,0.0,2024-02-11,4
2024-02-11 05:00:00,0.0,0.0,2024-02-11,5
2024-02-11 06:00:00,0.03605221,0.06276397,2024-02-11,6
2024-02-11 07:00:00,0.1793599,0.2104633,2024-02-11,7
2024-02-11 08:00:00,0.4743358,0.6108848,2024-02-11,8
2024-02-11 09:00:00,0.6683748,0.8304901,2024-02-11,9
2024-02-11 10:00:00,0.5978737,0.687169,2024-02-11,10
2024-02-11 11:00:00,0.6403669,0.7319416,2024-02-11,11
2024-02-11 12:00:00,0.5594694,0.6149851,2024-02-11,12
2024-02-11 13:00:00,0.500142,0.5492356,2024-02-11,13
2024-02-11 14:00:00,0.5595983,0.6888823,2024-02-11,14
2024-02-11 15:00:00,0.4132957,0.5398981,2024-02-11,15
2024-02-11 16:00:00,0.1255609,0.1429838,2024-02-11,16
2024-02-11 17:00:00,0.01758742,0.0,2024-02-11,17
2024-02-11 18:00:00,0.0,0.0,2024-02-11,18
2024-02-11 19:00:00,0.0,0.0,2024-02-11,19
2024-02-11 20:00:00,0.0,0.0,2024-02-11,20
2024-02-11 21:00:00,0.0,0.0,2024-02-11,21
2024-02-11 22:00:00,0.0,0.0,2024-02-11,22
2024-02-11 23:00:00,0.0,0.0,2024-02-11,23
2024-02-12 00:00:00,0.0,0.0,2024-02-12,0
2024-02-12 01:00:00,0.0,0.0,2024-02-12,1
2024-02-12 02:00:00,0.0,0.0,2024-02-12,2
2024-02-12 03:00:00,0.0,0.0,2024-02-12,3
2024-02-12 04:00:00,0.0,0.0,2024-02-12,4
2024-02-12 05:00:00,0.0,0.0,2024-02-12,5
2024-02-12 06:00:00,0.01984727,0.0205942,2024-02-12,6
2024-02-12 07:00:00,0.123503,0.1258267,2024-02-12,7
2024-02-12 08:00:00,0.2111844,0.2117709,2024-02-12,8
2024-02-12 09:00:00,0.3657508,0.3819089,2024-02-12,9
2024-02-12 10:00:00,0.4622531,0.4887894,2024-02-12,10
2024-02-12 11:00:00,0.5405895,0.5842301,2024-02-12,11
2024-02-12 12:00:00,0.5087404,0.5421488,2024-02-12,12
2024-02-12 13:00:00,0.3681021,0.3734402,2024-02-12,13
2024-02-12 14:00:00,0.2547836,0.2533743,2024-02-12,14
2024-02-12 15:00:00,0.2788618,0.3112778,2024-02-12,15
2024-02-12 16:00:00,0.1759617,0.2433909,2024-02-12,16
2024-02-12 17:00:00,0.01197589,0.0,2024-02-12,17
2024-02-12 18:00:00,0.0,0.0,2024-02-12,18
2024-02-12 19:00:00,0.0,0.0,2024-02-12,19
2024-02-12 20:00:00,0.0,0.0,2024-02-12,20
2024-02-12 21:00:00,0.0,0.0,2024-02-12,21
2024-02-12 22:00:00,0.0,0.0,2024-02-12,22
2024-02-12 23:00:00,0.0,0.0,2024-02-12,23
2024-02-13 00:00:00,0.0,0.0,2024-02-13,0
2024-02-13 01:00:00,0.0,0.0,2024-02-13,1
2024-02-13 02:00:00,0.0,0.0,2024-02-13,2
2024-02-13 03:00:00,0.0,0.0,2024-02-13,3
2024-02-13 04:00:00,0.0,0.0,2024-02-13,4
2024-02-13 05:00:00,0.0,0.0,2024-02-13,5
2024-02-13 06:00:00,0.03178545,0.04215967,2024-02-13,6
2024-02-13 07:00:00,0.217996,0.2794997,2024-02-13,7
2024-02-13 08:00:00,0.3800059,0.4525879,2024-02-13,8
2024-02-13 09:00:00,0.4941565,0.5658277,2024-02-13,9
2024-02-13 10:00:00,0.6277628,0.7275369,2024-02-13,10
2024-02-13 11:00:00,0.7694023,0.9156711,2024-02-13,11
2024-02-13 12:00:00,0.7973405,0.9564756,2024-02-13,12
2024-02-13 13:00:00,0.548151,0.6165154,2024-02-13,13
2024-02-13 14:00:00,0.5564606,0.6781252,2024-02-13,14
2024-02-13 15:00:00,0.331353,0.3956707,2024-02-13,15
2024-02-13 16:00:00,0.1563565,0.1977912,2024-02-13,16
2024-02-13 17:00:00,0.01323708,0.0,2024-02-13,17
2024-02-13 18:00:00,0.0,0.0,2024-02-13,18
2024-02-13 19:00:00,0.0,0.0,2024-02-13,19
2024-02-13 20:00:00,0.0,0.0,2024-02-13,20
2024-02-13 21:00:00,0.0,0.0,2024-02-13,21
2024-02-13 22:00:00,0.0,0.0,2024-02-13,22
2024-02-13 23:00:00,0.0,0.0,2024-02-13,23
2024-02-14 00:00:00,0.0,0.0,2024-02-14,0
2024-02-14 01:00:00,0.0,0.0,2024-02-14,1
2024-02-14 02:00:00,0.0,0.0,2024-02-14,2
2024-02-14 03:00:00,0.0,0.0,2024-02-14,3
2024-02-14 04:00:00,0.0,0.0,2024-02-14,4
2024-02-14 05:00:00,0.0,0.0,2024-02-14,5
2024-02-14 06:00:00,0.05469612,0.1359025,2024-02-14,6
2024-02-14 07:00:00,0.2429717,0.3254036,2024-02-14,7
2024-02-14 08:00:00,0.4725324,0.5987532,2024-02-14,8
2024-02-14 09:00:00,0.5429349,0.6388308,2024-02-14,9
2024-02-14 10:00:00,0.7373253,0.8841951,2024-02-14,10
2024-02-14 11:00:00,0.7415176,0.8733366,2024-02-14,11
2024-02-14 12:00:00,0.8631102,1.038896,2024-02-14,12
2024-02-14 13:00:00,0.7017437,0.8419272,2024-02-14,13
2024-02-14 14:00:00,0.5800025,0.7101182,2024-02-14,14
2024-02-14 15:00:00,0.3792384,0.4743761,2024-02-14,15
2024-02-14 16:00:00,0.1822302,0.2497351,2024-02-14,16
2024-02-14 17:00:00,0.02285679,0.0,2024-02-14,17
2024-02-14 18:00:00,0.0,0.0,2024-02-14,18
2024-02-14 19:00:00,0.0,0.0,2024-02-14,19
2024-02-14 20:00:00,0.0,0.0,2024-02-14,20
2024-02-14 21:00:00,0.0,0.0,2024-02-14,21
2024-02-14 22:00:00,0.0,0.0,2024-02-14,22
2024-02-14 23:00:00,0.0,0.0,2024-02-14,23
2024-02-15 00:00:00,0.0,0.0,2024-02-15,0
2024-02-15 01:00:00,0.0,0.0,2024-02-15,1
2024-02-15 02:00:00,0.0,0.0,2024-02-15,2
2024-02-15 03:00:00,0.0,0.0,2024-02-15,3
2024-02-15 04:00:00,0.0,0.0,2024-02-15,4
2024-02-15 05:00:00,0.0,0.0,2024-02-15,5
2024-02-15 06:00:00,0.05723913,0.1393526,2024-02-15,6
2024-02-15 07:00:00,0.2977867,0.4188731,2024-02-15,7
2024-02-15 08:00:00,0.5112582,0.6512377,2024-02-15,8
2024-02-15 09:00:00,0.598803,0.7204942,2024-02-15,9
2024-02-15 10:00:00,0.7712307,0.9272526,2024-02-15,10
2024-02-15 11:00:00,0.5954282,0.6574036,2024-02-15,11
2024-02-15 12:00:00,0.7321747,0.859861,2024-02-15,12
2024-02-15 13:00:00,0.6199217,0.7195934,2024-02-15,13
2024-02-15 14:00:00,0.5747074,0.6993208,2024-02-15,14
2024-02-15 15:00:00,0.3550439,0.4306334,2024-02-15,15
2024-02-15 16:00:00,0.194149,0.2713802,2024-02-15,16
2024-02-15 17:00:00,0.0197421,0.0,2024-02-15,17
2024-02-15 18:00:00,0.0,0.0,2024-02-15,18
2024-02-15 19:00:00,0.0,0.0,2024-02-15,19
2024-02-15 20:00:00,0.0,0.0,2024-02-15,20
2024-02-15 21:00:00,0.0,0.0,2024-02-15,21
2024-02-15 22:00:00,0.0,0.0,2024-02-15,22
2024-02-15 23:00:00,0.0,0.0,2024-02-15,23
2024-02-16 00:00:00,0.0,0.0,2024-02-16,0
2024-02-16 01:00:00,0.0,0.0,2024-02-16,1
2024-02-16 02:00:00,0.0,0.0,2024-02-16,2
2024-02-16 03:00:00,0.0,0.0,2024-02-16,3
2024-02-16 04:00:00,0.0,0.0,2024-02-16,4
2024-02-16 05:00:00,0.0,0.0,2024-02-16,5
2024-02-16 06:00:00,0.04061047,0.06125243,2024-02-16,6
2024-02-16 07:00:00,0.20474,0.24625,2024-02-16,7
2024-02-16 08:00:00,0.4454378,0.5507132,2024-02-16,8
2024-02-16 09:00:00,0.5367801,0.6242058,2024-02-16,9
2024-02-16 10:00:00,0.8356833,1.00644,2024-02-16,10
2024-02-16 11:00:00,0.8506957,1.015816,2024-02-16,11
2024-02-16 12:00:00,0.7577063,0.8931789,2024-02-16,12
2024-02-16 13:00:00,0.6837636,0.8105139,2024-02-16,13
2024-02-16 14:00:00,0.4112887,0.4487933,2024-02-16,14
2024-02-16 15:00:00,0.478062,0.6174672,2024-02-16,15
2024-02-16 16:00:00,0.2549644,0.377839,2024-02-16,16
2024-02-16 17:00:00,0.02588981,0.0,2024-02-16,17
2024-02-16 18:00:00,0.0,0.0,2024-02-16,18
2024-02-16 19:00:00,0.0,0.0,2024-02-16,19
2024-02-16 20:00:00,0.0,0.0,2024-02-16,20
2024-02-16 21:00:00,0.0,0.0,2024-02-16,21
2024-02-16 22:00:00,0.0,0.0,2024-02-16,22
2024-02-16 23:00:00,0.0,0.0,2024-02-16,23
2024-02-17 00:00:00,0.0,0.0,2024-02-17,0
2024-02-17 01:00:00,0.0,0.0,2024-02-17,1
2024-02-17 02:00:00,0.0,0.0,2024-02-17,2
2024-02-17 03:00:00,0.0,0.0,2024-02-17,3
2024-02-17 04:00:00,0.0,0.0,2024-02-17,4
2024-02-17 05:00:00,0.0,0.0,2024-02-17,5
2024-02-17 06:00:00,0.04760914,0.08243442,2024-02-17,6
2024-02-17 07:00:00,0.1949208,0.2265928,2024-02-17,7
2024-02-17 08:00:00,0.316393,0.3445318,2024-02-17,8
2024-02-17 09:00:00,0.7143548,0.8718175,2024-02-17,9
2024-02-17 10:00:00,0.917465,1.104018,2024-02-17,10
2024-02-17 11:00:00,0.8902405,1.062275,2024-02-17,11
2024-02-17 12:00:00,0.7778788,0.9182451,2024-02-17,12
2024-02-17 13:00:00,0.6591477,0.7721196,2024-02-17,13
2024-02-17 14:00:00,0.6034706,0.7346332,2024-02-17,14
2024-02-17 15:00:00,0.2811099,0.3073474,2024-02-17,15
2024-02-17 16:00:00,0.1695057,0.2135905,2024-02-17,16
2024-02-17 17:00:00,0.01145617,0.0,2024-02-17,17
2024-02-17 18:00:00,0.0,0.0,2024-02-17,18
2024-02-17 19:00:00,0.0,0.0,2024-02-17,19
2024-02-17 20:00:00,0.0,0.0,2024-02-17,20
2024-02-17 21:00:00,0.0,0.0,2024-02-17,21
2024-02-17 22:00:00,0.0,0.0,2024-02-17,22
2024-02-17 23:00:00,0.0,0.0,2024-02-17,23
2024-02-18 00:00:00,0.0,0.0,2024-02-18,0
2024-02-18 01:00:00,0.0,0.0,2024-02-18,1
2024-02-18 02:00:00,0.0,0.0,2024-02-18,2
2024-02-18 03:00:00,0.0,0.0,2024-02-18,3
2024-02-18 04:00:00,0.0,0.0,2024-02-18,4
2024-02-18 05:00:00,0.0,0.0,2024-02-18,5
2024-02-18 06:00:00,0.06645039,0.1522438,2024-02-18,6
2024-02-18 07:00:00,0.24235,0.310598,2024-02-18,7
2024-02-18 08:00:00,0.4455322,0.5446296,2024-02-18,8
2024-02-18 09:00:00,0.8049707,0.9817929,2024-02-18,9
2024-02-18 10:00:00,0.8805947,1.055491,2024-02-18,10
2024-02-18 11:00:00,0.8110095,0.9579402,2024-02-18,11
2024-02-18 12:00:00,0.8984445,1.070463,2024-02-18,12
2024-02-18 13:00:00,0.7619554,0.9118821,2024-02-18,13
2024-02-18 14:00:00,0.4994675,0.5771316,2024-02-18,14
2024-02-18 15:00:00,0.2004604,0.2013186,2024-02-18,15
2024-02-18 16:00:00,0.1285169,0.1392829,2024-02-18,16
2024-02-18 17:00:00,0.0209852,0.06030788,2024-02-18,17
2024-02-18 18:00:00,0.0,0.0,2024-02-18,18
2024-02-18 19:00:00,0.0,0.0,2024-02-18,19
2024-02-18 20:00:00,0.0,0.0,2024-02-18,20
2024-02-18 21:00:00,0.0,0.0,2024-02-18,21
2024-02-18 22:00:00,0.0,0.0,2024-02-18,22
2024-02-18 23:00:00,0.0,0.0,2024-02-18,23
2024-02-19 00:00:00,0.0,0.0,2024-02-19,0
2024-02-19 01:00:00,0.0,0.0,2024-02-19,1
2024-02-19 02:00:00,0.0,0.0,2024-02-19,2
2024-02-19 03:00:00,0.0,0.0,2024-02-19,3
2024-02-19 04:00:00,0.0,0.0,2024-02-19,4
2024-02-19 05:00:00,0.0,0.0,2024-02-19,5
2024-02-19 06:00:00,0.03996312,0.0511835,2024-02-19,6
2024-02-19 07:00:00,0.1868147,0.2094652,2024-02-19,7
2024-02-19 08:00:00,0.3901639,0.4540386,2024-02-19,8
2024-02-19 09:00:00,0.4202201,0.4474722,2024-02-19,9
2024-02-19 10:00:00,0.8105968,0.9663107,2024-02-19,10
2024-02-19 11:00:00,0.8474874,1.002755,2024-02-19,11
2024-02-19 12:00:00,0.7744561,0.9077061,2024-02-19,12
2024-02-19 13:00:00,0.8428605,1.010006,2024-02-19,13
2024-02-19 14:00:00,0.4773497,0.5412547,2024-02-19,14
2024-02-19 15:00:00,0.3382918,0.3928821,2024-02-19,15
2024-02-19 16:00:00,0.2130715,0.2943099,2024-02-19,16
2024-02-19 17:00:00,0.02218141,0.06584856,2024-02-19,17
2024-02-19 18:00:00,0.0,0.0,2024-02-19,18
2024-02-19 19:00:00,0.0,0.0,2024-02-19,19
2024-02-19 20:00:00,0.0,0.0,2024-02-19,20
2024-02-19 21:00:00,0.0,0.0,2024-02-19,21
2024-02-19 22:00:00,0.0,0.0,2024-02-19,22
2024-02-19 23:00:00,0.0,0.0,2024-02-19,23
2024-02-20 00:00:00,0.0,0.0,2024-02-20,0
2024-02-20 01:00:00,0.0,0.0,2024-02-20,1
2024-02-20 02:00:00,0.0,0.0,2024-02-20,2
2024-02-20 03:00:00,0.0,0.0,2024-02-20,3
2024-02-20 04:00:00,0.0,0.0,2024-02-20,4
2024-02-20 05:00:00,0.0,0.0,2024-02-20,5
2024-02-20 06:00:00,0.01680704,0.01671449,2024-02-20,6
2024-02-20 07:00:00,0.03179154,0.03097579,2024-02-20,7
2024-02-20 08:00:00,0.1506248,0.1474098,2024-02-20,8
2024-02-20 09:00:00,0.1918716,0.1875279,2024-02-20,9
2024-02-20 10:00:00,0.3184175,0.3143861,2024-02-20,10
2024-02-20 11:00:00,0.4879559,0.5051079,2024-02-20,11
2024-02-20 12:00:00,0.2227935,0.2175361,2024-02-20,12
2024-02-20 13:00:00,0.116999,0.1139643,2024-02-20,13
2024-02-20 14:00:00,0.1109183,0.1081268,2024-02-20,14
2024-02-20 15:00:00,0.1704079,0.1681556,2024-02-20,15
2024-02-20 16:00:00,0.1102358,0.1129557,2024-02-20,16
2024-02-20 17:00:00,0.02460748,0.08237324,2024-02-20,17
2024-02-20 18:00:00,0.0,0.0,2024-02-20,18
2024-02-20 19:00:00,0.0,0.0,2024-02-20,19
2024-02-20 20:00:00,0.0,0.0,2024-02-20,20
2024-02-20 21:00:00,0.0,0.0,2024-02-20,21
2024-02-20 22:00:00,0.0,0.0,2024-02-20,22
2024-02-20 23:00:00,0.0,0.0,2024-02-20,23
2024-02-21 00:00:00,0.0,0.0,2024-02-21,0
2024-02-21 01:00:00,0.0,0.0,2024-02-21,1
2024-02-21 02:00:00,0.0,0.0,2024-02-21,2
2024-02-21 03:00:00,0.0,0.0,2024-02-21,3
2024-02-21 04:00:00,0.0,0.0,2024-02-21,4
2024-02-21 05:00:00,0.0,0.0,2024-02-21,5
2024-02-21 06:00:00,0.05739182,0.0968176,2024-02-21,6
2024-02-21 07:00:00,0.1236021,0.1233672,2024-02-21,7
2024-02-21 08:00:00,0.4328753,0.5157791,2024-02-21,8
2024-02-21 09:00:00,0.5917602,0.692587,2024-02-21,9
2024-02-21 10:00:00,0.4545001,0.4700671,2024-02-21,10
2024-02-21 11:00:00,0.7297505,0.8372001,2024-02-21,11
2024-02-21 12:00:00,0.6429188,0.7159861,2024-02-21,12
2024-02-21 13:00:00,0.5373524,0.5858335,2024-02-21,13
2024-02-21 14:00:00,0.4564992,0.5062543,2024-02-21,14
2024-02-21 15:00:00,0.2832189,0.3052736,2024-02-21,15
2024-02-21 16:00:00,0.09652439,0.09651489,2024-02-21,16
2024-02-21 17:00:00,0.01236041,0.01408316,2024-02-21,17
2024-02-21 18:00:00,0.0,0.0,2024-02-21,18
2024-02-21 19:00:00,0.0,0.0,2024-02-21,19
2024-02-21 20:00:00,0.0,0.0,2024-02-21,20
2024-02-21 21:00:00,0.0,0.0,2024-02-21,21
2024-02-21 22:00:00,0.0,0.0,2024-02-21,22
2024-02-21 23:00:00,0.0,0.0,2024-02-21,23
2024-02-22 00:00:00,0.0,0.0,2024-02-22,0
2024-02-22 01:00:00,0.0,0.0,2024-02-22,1
2024-02-22 02:00:00,0.0,0.0,2024-02-22,2
2024-02-22 03:00:00,0.0,0.0,2024-02-22,3
2024-02-22 04:00:00,0.0,0.0,2024-02-22,4
2024-02-22 05:00:00,0.0,0.0,2024-02-22,5
2024-02-22 06:00:00,0.0737794,0.1464666,2024-02-22,6
2024-02-22 07:00:00,0.2272805,0.2712521,2024-02-22,7
2024-02-22 08:00:00,0.2293159,0.2293199,2024-02-22,8
2024-02-22 09:00:00,0.5035987,0.5605472,2024-02-22,9
2024-02-22 10:00:00,0.8400118,0.993793,2024-02-22,10
2024-02-22 11:00:00,0.7534519,0.8676521,2024-02-22,11
2024-02-22 12:00:00,0.5098094,0.532307,2024-02-22,12
2024-02-22 13:00:00,0.6076472,0.6844172,2024-02-22,13
2024-02-22 14:00:00,0.6264707,0.7510889,2024-02-22,14
2024-02-22 15:00:00,0.4452673,0.5525083,2024-02-22,15
2024-02-22 16:00:00,0.2098284,0.2774416,2024-02-22,16
2024-02-22 17:00:00,0.02766496,0.1000378,2024-02-22,17
2024-02-22 18:00:00,0.0,0.0,2024-02-22,18
2024-02-22 19:00:00,0.0,0.0,2024-02-22,19
2024-02-22 20:00:00,0.0,0.0,2024-02-22,20
2024-02-22 21:00:00,0.0,0.0,2024-02-22,21
2024-02-22 22:00:00,0.0,0.0,2024-02-22,22
2024-02-22 23:00:00,0.0,0.0,2024-02-22,23
2024-02-23 00:00:00,0.0,0.0,2024-02-23,0
2024-02-23 01:00:00,0.0,0.0,2024-02-23,1
2024-02-23 02:00:00,0.0,0.0,2024-02-23,2
2024-02-23 03:00:00,0.0,0.0,2024-02-23,3
2024-02-23 04:00:00,0.0,0.0,2024-02-23,4
2024-02-23 05:00:00,0.0,0.0,2024-02-23,5
2024-02-23 06:00:00,0.0639297,0.1073385,2024-02-23,6
2024-02-23 07:00:00,0.2661278,0.3361869,2024-02-23,7
2024-02-23 08:00:00,0.4906799,0.596156,2024-02-23,8
2024-02-23 09:00:00,0.6872647,0.8186796,2024-02-23,9
2024-02-23 10:00:00,0.8638807,1.019562,2024-02-23,10
2024-02-23 11:00:00,0.8899866,1.044021,2024-02-23,11
2024-02-23 12:00:00,0.9379987,1.102891,2024-02-23,12
2024-02-23 13:00:00,0.7356833,0.8620211,2024-02-23,13
2024-02-23 14:00:00,0.5573881,0.6507148,2024-02-23,14
2024-02-23 15:00:00,0.4206743,0.5128828,2024-02-23,15
2024-02-23 16:00:00,0.1692995,0.1991101,2024-02-23,16
2024-02-23 17:00:00,0.01646404,0.02276458,2024-02-23,17
2024-02-23 18:00:00,0.0,0.0,2024-02-23,18
2024-02-23 19:00:00,0.0,0.0,2024-02-23,19
2024-02-23 20:00:00,0.0,0.0,2024-02-23,20
2024-02-23 21:00:00,0.0,0.0,2024-02-23,21
2024-02-23 22:00:00,0.0,0.0,2024-02-23,22
2024-02-23 23:00:00,0.0,0.0,2024-02-23,23
2024-02-24 00:00:00,0.0,0.0,2024-02-24,0
2024-02-24 01:00:00,0.0,0.0,2024-02-24,1
2024-02-24 02:00:00,0.0,0.0,2024-02-24,2
2024-02-24 03:00:00,0.0,0.0,2024-02-24,3
2024-02-24 04:00:00,0.0,0.0,2024-02-24,4
2024-02-24 05:00:00,0.0,0.0,2024-02-24,5
2024-02-24 06:00:00,0.06007909,0.09009416,2024-02-24,6
2024-02-24 07:00:00,0.2826508,0.3606539,2024-02-24,7
2024-02-24 08:00:00,0.5874784,0.7204335,2024-02-24,8
2024-02-24 09:00:00,0.7028516,0.8356255,2024-02-24,9
2024-02-24 10:00:00,0.8595802,1.011342,2024-02-24,10
2024-02-24 11:00:00,0.8143954,0.9445561,2024-02-24,11
2024-02-24 12:00:00,0.8659073,1.012594,2024-02-24,12
2024-02-24 13:00:00,0.7982671,0.9401777,2024-02-24,13
2024-02-24 14:00:00,0.7230083,0.8672339,2024-02-24,14
2024-02-24 15:00:00,0.5402805,0.6718931,2024-02-24,15
2024-02-24 16:00:00,0.2910713,0.4008978,2024-02-24,16
2024-02-24 17:00:00,0.03548192,0.1600622,2024-02-24,17
2024-02-24 18:00:00,0.0,0.0,2024-02-24,18
2024-02-24 19:00:00,0.0,0.0,2024-02-24,19
2024-02-24 20:00:00,0.0,0.0,2024-02-24,20
2024-02-24 21:00:00,0.0,0.0,2024-02-24,21
2024-02-24 22:00:00,0.0,0.0,2024-02-24,22
2024-02-24 23:00:00,0.0,0.0,2024-02-24,23
2024-02-25 00:00:00,0.0,0.0,2024-02-25,0
2024-02-25 01:00:00,0.0,0.0,2024-02-25,1
2024-02-25 02:00:00,0.0,0.0,2024-02-25,2
2024-02-25 03:00:00,0.0,0.0,2024-02-25,3
2024-02-25 04:00:00,0.0,0.0,2024-02-25,4
2024-02-25 05:00:00,0.0,0.0,2024-02-25,5
2024-02-25 06:00:00,0.08010893,0.1444095,2024-02-25,6
2024-02-25 07:00:00,0.2879629,0.3657446,2024-02-25,7
2024-02-25 08:00:00,0.5663546,0.6906095,2024-02-25,8
2024-02-25 09:00:00,0.7412353,0.8801341,2024-02-25,9
2024-02-25 10:00:00,0.8503899,0.997216,2024-02-25,10
2024-02-25 11:00:00,0.873575,1.017606,2024-02-25,11
2024-02-25 12:00:00,0.9584308,1.120969,2024-02-25,12
2024-02-25 13:00:00,0.802147,0.9419745,2024-02-25,13
2024-02-25 14:00:00,0.6325381,0.7501177,2024-02-25,14
2024-02-25 15:00:00,0.4994729,0.6167608,2024-02-25,15
2024-02-25 16:00:00,0.2324081,0.3080448,2024-02-25,16
2024-02-25 17:00:00,0.03168328,0.1213148,2024-02-25,17
2024-02-25 18:00:00,0.0,0.0,2024-02-25,18
2024-02-25 19:00:00,0.0,0.0,2024-02-25,19
2024-02-25 20:00:00,0.0,0.0,2024-02-25,20
2024-02-25 21:00:00,0.0,0.0,2024-02-25,21
2024-02-25 22:00:00,0.0,0.0,2024-02-25,22
2024-02-25 23:00:00,0.0,0.0,2024-02-25,23
2024-02-26 00:00:00,0.0,0.0,2024-02-26,0
2024-02-26 01:00:00,0.0,0.0,2024-02-26,1
2024-02-26 02:00:00,0.0,0.0,2024-02-26,2
2024-02-26 03:00:00,0.0,0.0,2024-02-26,3
2024-02-26 04:00:00,0.0,0.0,2024-02-26,4
2024-02-26 05:00:00,0.0,0.0,2024-02-26,5
2024-02-26 06:00:00,0.0621211,0.08714075,2024-02-26,6
2024-02-26 07:00:00,0.245333,0.2910123,2024-02-26,7
2024-02-26 08:00:00,0.3420664,0.3679637,2024-02-26,8
2024-02-26 09:00:00,0.6216121,0.7204472,2024-02-26,9
2024-02-26 10:00:00,0.5447583,0.5817584,2024-02-26,10
2024-02-26 11:00:00,0.6666151,0.7360442,2024-02-26,11
2024-02-26 12:00:00,0.5908831,0.6341916,2024-02-26,12
2024-02-26 13:00:00,0.504376,0.5335016,2024-02-26,13
2024-02-26 14:00:00,0.4233975,0.451763,2024-02-26,14
2024-02-26 15:00:00,0.2614397,0.2711654,2024-02-26,15
2024-02-26 16:00:00,0.122409,0.1255274,2024-02-26,16
2024-02-26 17:00:00,0.01131465,0.01200376,2024-02-26,17
2024-02-26 18:00:00,0.0,0.0,2024-02-26,18
2024-02-26 19:00:00,0.0,0.0,2024-02-26,19
2024-02-26 20:00:00,0.0,0.0,2024-02-26,20
2024-02-26 21:00:00,0.0,0.0,2024-02-26,21
2024-02-26 22:00:00,0.0,0.0,2024-02-26,22
2024-02-26 23:00:00,0.0,0.0,2024-02-26,23
2024-02-27 00:00:00,0.0,0.0,2024-02-27,0
2024-02-27 01:00:00,0.0,0.0,2024-02-27,1
2024-02-27 02:00:00,0.0,0.0,2024-02-27,2
2024-02-27 03:00:00,0.0,0.0,2024-02-27,3
2024-02-27 04:00:00,0.0,0.0,2024-02-27,4
2024-02-27 05:00:00,0.0,0.0,2024-02-27,5
2024-02-27 06:00:00,0.09203508,0.1619121,2024-02-27,6
2024-02-27 07:00:00,0.3026042,0.381744,2024-02-27,7
2024-02-27 08:00:00,0.5571529,0.6725712,2024-02-27,8
2024-02-27 09:00:00,0.7876832,0.9297426,2024-02-27,9
2024-02-27 10:00:00,0.8528116,0.993959,2024-02-27,10
2024-02-27 11:00:00,0.9512649,1.105031,2024-02-27,11
2024-02-27 12:00:00,0.953817,1.109075,2024-02-27,12
2024-02-27 13:00:00,0.8704917,1.018225,2024-02-27,13
2024-02-27 14:00:00,0.6220561,0.7300521,2024-02-27,14
2024-02-27 15:00:00,0.4968161,0.6070267,2024-02-27,15
2024-02-27 16:00:00,0.2375868,0.3100335,2024-02-27,16
2024-02-27 17:00:00,0.04197949,0.1752448,2024-02-27,17
2024-02-27 18:00:00,0.0,0.0,2024-02-27,18
2024-02-27 19:00:00,0.0,0.0,2024-02-27,19
2024-02-27 20:00:00,0.0,0.0,2024-02-27,20
2024-02-27 21:00:00,0.0,0.0,2024-02-27,21
2024-02-27 22:00:00,0.0,0.0,2024-02-27,22
2024-02-27 23:00:00,0.0,0.0,2024-02-27,23
2024-02-28 00:00:00,0.0,0.0,2024-02-28,0
2024-02-28 01:00:00,0.0,0.0,2024-02-28,1
2024-02-28 02:00:00,0.0,0.0,2024-02-28,2
2024-02-28 03:00:00,0.0,0.0,2024-02-28,3
2024-02-28 04:00:00,0.0,0.0,2024-02-28,4
2024-02-28 05:00:00,0.0,0.0,2024-02-28,5
2024-02-28 06:00:00,0.1035905,0.1799083,2024-02-28,6
2024-02-28 07:00:00,0.2919619,0.3613496,2024-02-28,7
2024-02-28 08:00:00,0.5948768,0.715902,2024-02-28,8
2024-02-28 09:00:00,0.7580758,0.8908927,2024-02-28,9
2024-02-28 10:00:00,0.7992438,0.9241896,2024-02-28,10
2024-02-28 11:00:00,0.9355521,1.08335,2024-02-28,11
2024-02-28 12:00:00,0.9300019,1.07777,2024-02-28,12
2024-02-28 13:00:00,0.8551313,0.9967957,2024-02-28,13
2024-02-28 14:00:00,0.6745682,0.7953764,2024-02-28,14
2024-02-28 15:00:00,0.4688843,0.5668787,2024-02-28,15
2024-02-28 16:00:00,0.2734302,0.3619294,2024-02-28,16
2024-02-28 17:00:00,0.03790474,0.1312882,2024-02-28,17
2024-02-28 18:00:00,0.0,0.0,2024-02-28,18
2024-02-28 19:00:00,0.0,0.0,2024-02-28,19
2024-02-28 20:00:00,0.0,0.0,2024-02-28,20
2024-02-28 21:00:00,0.0,0.0,2024-02-28,21
2024-02-28 22:00:00,0.0,0.0,2024-02-28,22
2024-02-28 23:00:00,0.0,0.0,2024-02-28,23
2024-02-29 00:00:00,0.0,0.0,2024-02-29,0
2024-02-29 01:00:00,0.0,0.0,2024-02-29,1
2024-02-29 02:00:00,0.0,0.0,2024-02-29,2
2024-02-29 03:00:00,0.0,0.0,2024-02-29,3
2024-02-29 04:00:00,0.0,0.0,2024-02-29,4
2024-02-29 05:00:00,0.0,0.0,2024-02-29,5
2024-02-29 06:00:00,0.07530679,0.1080001,2024-02-29,6
2024-02-29 07:00:00,0.2726445,0.3269073,2024-02-29,7
2024-02-29 08:00:00,0.4719912,0.5500731,2024-02-29,8
2024-02-29 09:00:00,0.7686437,0.9003221,2024-02-29,9
2024-02-29 10:00:00,0.9398469,1.090849,2024-02-29,10
2024-02-29 11:00:00,0.9809588,1.133675,2024-02-29,11
2024-02-29 12:00:00,0.9097844,1.050849,2024-02-29,12
2024-02-29 13:00:00,0.7009493,0.797904,2024-02-29,13
2024-02-29 14:00:00,0.6295013,0.7340959,2024-02-29,14
2024-02-29 15:00:00,0.4709177,0.5665431,2024-02-29,15
2024-02-29 16:00:00,0.2736582,0.3588332,2024-02-29,16
2024-02-29 17:00:00,0.04608142,0.1611342,2024-02-29,17
2024-02-29 18:00:00,0.0,0.0,2024-02-29,18
2024-02-29 19:00:00,0.0,0.0,2024-02-29,19
2024-02-29 20:00:00,0.0,0.0,2024-02-29,20
2024-02-29 21:00:00,0.0,0.0,2024-02-29,21
2024-02-29 22:00:00,0.0,0.0,2024-02-29,22
2024-02-29 23:00:00,0.0,0.0,2024-02-29,23
2024-03-01 00:00:00,0.0,0.0,2024-03-01,0
2024-03-01 01:00:00,0.0,0.0,2024-03-01,1
2024-03-01 02:00:00,0.0,0.0,2024-03-01,2
2024-03-01 03:00:00,0.0,0.0,2024-03-01,3
2024-03-01 04:00:00,0.0,0.0,2024-03-01,4
2024-03-01 05:00:00,0.0,0.0,2024-03-01,5
2024-03-01 06:00:00,0.03123732,0.03091392,2024-03-01,6
2024-03-01 07:00:00,0.192122,0.2023159,2024-03-01,7
2024-03-01 08:00:00,0.2119234,0.2088268,2024-03-01,8
2024-03-01 09:00:00,0.1804933,0.1761164,2024-03-01,9
2024-03-01 10:00:00,0.2956134,0.2896863,2024-03-01,10
2024-03-01 11:00:00,0.1867333,0.1819979,2024-03-01,11
2024-03-01 12:00:00,0.3486342,0.3432568,2024-03-01,12
2024-03-01 13:00:00,0.1876904,0.1830383,2024-03-01,13
2024-03-01 14:00:00,0.1549572,0.1511512,2024-03-01,14
2024-03-01 15:00:00,0.09230976,0.09000793,2024-03-01,15
2024-03-01 16:00:00,0.03253576,0.03170386,2024-03-01,16
2024-03-01 17:00:00,0.01519178,0.01594313,2024-03-01,17
2024-03-01 18:00:00,0.0,0.0,2024-03-01,18
2024-03-01 19:00:00,0.0,0.0,2024-03-01,19
2024-03-01 20:00:00,0.0,0.0,2024-03-01,20
2024-03-01 21:00:00,0.0,0.0,2024-03-01,21
2024-03-01 22:00:00,0.0,0.0,2024-03-01,22
2024-03-01 23:00:00,0.0,0.0,2024-03-01,23
2024-03-02 00:00:00,0.0,0.0,2024-03-02,0
2024-03-02 01:00:00,0.0,0.0,2024-03-02,1
2024-03-02 02:00:00,0.0,0.0,2024-03-02,2
2024-03-02 03:00:00,0.0,0.0,2024-03-02,3
2024-03-02 04:00:00,0.0,0.0,2024-03-02,4
2024-03-02 05:00:00,0.0,0.0,2024-03-02,5
2024-03-02 06:00:00,0.0234382,0.02303756,2024-03-02,6
2024-03-02 07:00:00,0.0319145,0.03105892,2024-03-02,7
2024-03-02 08:00:00,0.007119083,0.006913291,2024-03-02,8
2024-03-02 09:00:00,0.1148741,0.1118692,2024-03-02,9
2024-03-02 10:00:00,0.1618906,0.1577363,2024-03-02,10
2024-03-02 11:00:00,0.1276078,0.12421,2024-03-02,11
2024-03-02 12:00:00,0.1760192,0.1715139,2024-03-02,12
2024-03-02 13:00:00,0.2866033,0.2808618,2024-03-02,13
2024-03-02 14:00:00,0.158154,0.1542691,2024-03-02,14
2024-03-02 15:00:00,0.2147532,0.2138629,2024-03-02,15
2024-03-02 16:00:00,0.07090271,0.06939396,2024-03-02,16
2024-03-02 17:00:00,0.02711427,0.04284837,2024-03-02,17
2024-03-02 18:00:00,0.0,0.0,2024-03-02,18
2024-03-02 19:00:00,0.0,0.0,2024-03-02,19
2024-03-02 20:00:00,0.0,0.0,2024-03-02,20
2024-03-02 21:00:00,0.0,0.0,2024-03-02,21
2024-03-02 22:00:00,0.0,0.0,2024-03-02,22
2024-03-02 23:00:00,0.0,0.0,2024-03-02,23
2024-03-03 00:00:00,0.0,0.0,2024-03-03,0
2024-03-03 01:00:00,0.0,0.0,2024-03-03,1
2024-03-03 02:00:00,0.0,0.0,2024-03-03,2
2024-03-03 03:00:00,0.0,0.0,2024-03-03,3
2024-03-03 04:00:00,0.0,0.0,2024-03-03,4
2024-03-03 05:00:00,0.0,0.0,2024-03-03,5
2024-03-03 06:00:00,0.008558771,0.008341589,2024-03-03,6
2024-03-03 07:00:00,0.09700492,0.09487437,2024-03-03,7
2024-03-03 08:00:00,0.316788,0.3273831,2024-03-03,8
2024-03-03 09:00:00,0.4694334,0.4957638,2024-03-03,9
2024-03-03 10:00:00,0.3251424,0.3196245,2024-03-03,10
2024-03-03 11:00:00,0.3918193,0.3880804,2024-03-03,11
2024-03-03 12:00:00,0.2042637,0.1991417,2024-03-03,12
2024-03-03 13:00:00,0.3461241,0.3423924,2024-03-03,13
2024-03-03 14:00:00,0.4689573,0.5050954,2024-03-03,14
2024-03-03 15:00:00,0.4111909,0.4736817,2024-03-03,15
2024-03-03 16:00:00,0.1120274,0.1116217,2024-03-03,16
2024-03-03 17:00:00,0.01888288,0.02054116,2024-03-03,17
2024-03-03 18:00:00,0.0,0.0,2024-03-03,18
2024-03-03 19:00:00,0.0,0.0,2024-03-03,19
2024-03-03 20:00:00,0.0,0.0,2024-03-03,20
2024-03-03 21:00:00,0.0,0.0,2024-03-03,21
2024-03-03 22:00:00,0.0,0.0,2024-03-03,22
2024-03-03 23:00:00,0.0,0.0,2024-03-03,23
2024-03-04 00:00:00,0.0,0.0,2024-03-04,0
2024-03-04 01:00:00,0.0,0.0,2024-03-04,1
2024-03-04 02:00:00,0.0,0.0,2024-03-04,2
2024-03-04 03:00:00,0.0,0.0,2024-03-04,3
2024-03-04 04:00:00,0.0,0.0,2024-03-04,4
2024-03-04 05:00:00,0.0,0.0,2024-03-04,5
2024-03-04 06:00:00,0.02521707,0.02475373,2024-03-04,6
2024-03-04 07:00:00,0.1176057,0.1153677,2024-03-04,7
2024-03-04 08:00:00,0.3614342,0.3839121,2024-03-04,8
2024-03-04 09:00:00,0.5384676,0.5865007,2024-03-04,9
2024-03-04 10:00:00,0.4573022,0.4642842,2024-03-04,10
2024-03-04 11:00:00,0.601948,0.6362312,2024-03-04,11
2024-03-04 12:00:00,0.2722236,0.2658312,2024-03-04,12
2024-03-04 13:00:00,0.4711204,0.4841973,2024-03-04,13
2024-03-04 14:00:00,0.3732246,0.3811657,2024-03-04,14
2024-03-04 15:00:00,0.2263703,0.2261852,2024-03-04,15
2024-03-04 16:00:00,0.1769904,0.1949885,2024-03-04,16
2024-03-04 17:00:00,0.02655853,0.03589144,2024-03-04,17
2024-03-04 18:00:00,0.0,0.0,2024-03-04,18
2024-03-04 19:00:00,0.0,0.0,2024-03-04,19
2024-03-04 20:00:00,0.0,0.0,2024-03-04,20
2024-03-04 21:00:00,0.0,0.0,2024-03-04,21
2024-03-04 22:00:00,0.0,0.0,2024-03-04,22
2024-03-04 23:00:00,0.0,0.0,2024-03-04,23
2024-03-05 00:00:00,0.0,0.0,2024-03-05,0
2024-03-05 01:00:00,0.0,0.0,2024-03-05,1
2024-03-05 02:00:00,0.0,0.0,2024-03-05,2
2024-03-05 03:00:00,0.0,0.0,2024-03-05,3
2024-03-05 04:00:00,0.0,0.0,2024-03-05,4
2024-03-05 05:00:00,0.0,0.0,2024-03-05,5
2024-03-05 06:00:00,0.08344463,0.1055726,2024-03-05,6
2024-03-05 07:00:00,0.1835165,0.1877756,2024-03-05,7
2024-03-05 08:00:00,0.2949912,0.2993907,2024-03-05,8
2024-03-05 09:00:00,0.6981847,0.798112,2024-03-05,9
2024-03-05 10:00:00,0.9551922,1.092022,2024-03-05,10
2024-03-05 11:00:00,0.9881753,1.125888,2024-03-05,11
2024-03-05 12:00:00,0.8691903,0.9864231,2024-03-05,12
2024-03-05 13:00:00,0.9376648,1.074461,2024-03-05,13
2024-03-05 14:00:00,0.758828,0.8777009,2024-03-05,14
2024-03-05 15:00:00,0.5060024,0.5967346,2024-03-05,15
2024-03-05 16:00:00,0.2949832,0.3706818,2024-03-05,16
2024-03-05 17:00:00,0.04338519,0.09599023,2024-03-05,17
2024-03-05 18:00:00,0.0,0.0,2024-03-05,18
2024-03-05 19:00:00,0.0,0.0,2024-03-05,19
2024-03-05 20:00:00,0.0,0.0,2024-03-05,20
2024-03-05 21:00:00,0.0,0.0,2024-03-05,21
2024-03-05 22:00:00,0.0,0.0,2024-03-05,22
2024-03-05 23:00:00,0.0,0.0,2024-03-05,23
2024-03-06 00:00:00,0.0,0.0,2024-03-06,0
2024-03-06 01:00:00,0.0,0.0,2024-03-06,1
2024-03-06 02:00:00,0.0,0.0,2024-03-06,2
2024-03-06 03:00:00,0.0,0.0,2024-03-06,3
2024-03-06 04:00:00,0.0,0.0,2024-03-06,4
2024-03-06 05:00:00,8.3866e-07,0.0,2024-03-06,5
2024-03-06 06:00:00,0.09010936,0.1152682,2024-03-06,6
2024-03-06 07:00:00,0.1935528,0.1993723,2024-03-06,7
2024-03-06 08:00:00,0.3864631,0.4142848,2024-03-06,8
2024-03-06 09:00:00,0.5797424,0.6381823,2024-03-06,9
2024-03-06 10:00:00,0.9442598,1.075991,2024-03-06,10
2024-03-06 11:00:00,0.9433481,1.070912,2024-03-06,11
2024-03-06 12:00:00,0.9787756,1.112648,2024-03-06,12
2024-03-06 13:00:00,0.9619257,1.099303,2024-03-06,13
2024-03-06 14:00:00,0.8000392,0.9228406,2024-03-06,14
2024-03-06 15:00:00,0.455926,0.528393,2024-03-06,15
2024-03-06 16:00:00,0.2448093,0.296696,2024-03-06,16
2024-03-06 17:00:00,0.02999602,0.04125713,2024-03-06,17
2024-03-06 18:00:00,0.0,0.0,2024-03-06,18
2024-03-06 19:00:00,0.0,0.0,2024-03-06,19
2024-03-06 20:00:00,0.0,0.0,2024-03-06,20
2024-03-06 21:00:00,0.0,0.0,2024-03-06,21
2024-03-06 22:00:00,0.0,0.0,2024-03-06,22
2024-03-06 23:00:00,0.0,0.0,2024-03-06,23
2024-03-07 00:00:00,0.0,0.0,2024-03-07,0
2024-03-07 01:00:00,0.0,0.0,2024-03-07,1
2024-03-07 02:00:00,0.0,0.0,2024-03-07,2
2024-03-07 03:00:00,0.0,0.0,2024-03-07,3
2024-03-07 04:00:00,0.0,0.0,2024-03-07,4
2024-03-07 05:00:00,2.55637e-05,0.0,2024-03-07,5
2024-03-07 06:00:00,0.1174526,0.1636702,2024-03-07,6
2024-03-07 07:00:00,0.2986653,0.3451144,2024-03-07,7
2024-03-07 08:00:00,0.6181163,0.7168646,2024-03-07,8
2024-03-07 09:00:00,0.8260652,0.9448718,2024-03-07,9
2024-03-07 10:00:00,0.9203963,1.045139,2024-03-07,10
2024-03-07 11:00:00,1.03577,1.174298,2024-03-07,11
2024-03-07 12:00:00,1.050229,1.191868,2024-03-07,12
2024-03-07 13:00:00,0.9512644,1.083471,2024-03-07,13
2024-03-07 14:00:00,0.7357638,0.8442308,2024-03-07,14
2024-03-07 15:00:00,0.5357132,0.6265785,2024-03-07,15
2024-03-07 16:00:00,0.2874682,0.3544361,2024-03-07,16
2024-03-07 17:00:00,0.04103122,0.07425758,2024-03-07,17
2024-03-07 18:00:00,0.0,0.0,2024-03-07,18
2024-03-07 19:00:00,0.0,0.0,2024-03-07,19
2024-03-07 20:00:00,0.0,0.0,2024-03-07,20
2024-03-07 21:00:00,0.0,0.0,2024-03-07,21
2024-03-07 22:00:00,0.0,0.0,2024-03-07,22
2024-03-07 23:00:00,0.0,0.0,2024-03-07,23
2024-03-08 00:00:00,0.0,0.0,2024-03-08,0
2024-03-08 01:00:00,0.0,0.0,2024-03-08,1
2024-03-08 02:00:00,0.0,0.0,2024-03-08,2
2024-03-08 03:00:00,0.0,0.0,2024-03-08,3
2024-03-08 04:00:00,0.0,0.0,2024-03-08,4
2024-03-08 05:00:00,9.79034e-05,0.0,2024-03-08,5
2024-03-08 06:00:00,0.1147425,0.1541117,2024-03-08,6
2024-03-08 07:00:00,0.3416362,0.4030345,2024-03-08,7
2024-03-08 08:00:00,0.5088652,0.5769245,2024-03-08,8
2024-03-08 09:00:00,0.6117918,0.6763094,2024-03-08,9
2024-03-08 10:00:00,0.9122657,1.032602,2024-03-08,10
2024-03-08 11:00:00,0.9964646,1.125771,2024-03-08,11
2024-03-08 12:00:00,1.038634,1.175062,2024-03-08,12
2024-03-08 13:00:00,0.7763569,0.8739081,2024-03-08,13
2024-03-08 14:00:00,0.669262,0.7615998,2024-03-08,14
2024-03-08 15:00:00,0.4896432,0.5669415,2024-03-08,15
2024-03-08 16:00:00,0.2714733,0.3296334,2024-03-08,16
2024-03-08 17:00:00,0.04696157,0.08914056,2024-03-08,17
2024-03-08 18:00:00,0.0,0.0,2024-03-08,18
2024-03-08 19:00:00,0.0,0.0,2024-03-08,19
2024-03-08 20:00:00,0.0,0.0,2024-03-08,20
2024-03-08 21:00:00,0.0,0.0,2024-03-08,21
2024-03-08 22:00:00,0.0,0.0,2024-03-08,22
2024-03-08 23:00:00,0.0,0.0,2024-03-08,23
2024-03-09 00:00:00,0.0,0.0,2024-03-09,0
2024-03-09 01:00:00,0.0,0.0,2024-03-09,1
2024-03-09 02:00:00,0.0,0.0,2024-03-09,2
2024-03-09 03:00:00,0.0,0.0,2024-03-09,3
2024-03-09 04:00:00,0.0,0.0,2024-03-09,4
2024-03-09 05:00:00,0.000183215,0.0,2024-03-09,5
2024-03-09 06:00:00,0.1006405,0.1240867,2024-03-09,6
2024-03-09 07:00:00,0.3841422,0.4547451,2024-03-09,7
2024-03-09 08:00:00,0.6331409,0.7278398,2024-03-09,8
2024-03-09 09:00:00,0.7242457,0.8183295,2024-03-09,9
2024-03-09 10:00:00,0.8363219,0.9399018,2024-03-09,10
2024-03-09 11:00:00,0.9567348,1.077137,2024-03-09,11
2024-03-09 12:00:00,0.9801667,1.104659,2024-03-09,12
2024-03-09 13:00:00,0.8706263,0.9839884,2024-03-09,13
2024-03-09 14:00:00,0.7522447,0.8570751,2024-03-09,14
2024-03-09 15:00:00,0.4799612,0.5515978,2024-03-09,15
2024-03-09 16:00:00,0.234782,0.27348,2024-03-09,16
2024-03-09 17:00:00,0.04469553,0.07657251,2024-03-09,17
2024-03-09 18:00:00,0.0,0.0,2024-03-09,18
2024-03-09 19:00:00,0.0,0.0,2024-03-09,19
2024-03-09 20:00:00,0.0,0.0,2024-03-09,20
2024-03-09 21:00:00,0.0,0.0,2024-03-09,21
2024-03-09 22:00:00,0.0,0.0,2024-03-09,22
2024-03-09 23:00:00,0.0,0.0,2024-03-09,23
2024-03-10 00:00:00,0.0,0.0,2024-03-10,0
2024-03-10 01:00:00,0.0,0.0,2024-03-10,1
2024-03-10 02:00:00,0.0,0.0,2024-03-10,2
2024-03-10 03:00:00,0.0,0.0,2024-03-10,3
2024-03-10 04:00:00,0.0,0.0,2024-03-10,4
2024-03-10 05:00:00,0.000195983,0.0,2024-03-10,5
2024-03-10 06:00:00,0.08323059,0.09190633,2024-03-10,6
2024-03-10 07:00:00,0.3158067,0.3606633,2024-03-10,7
2024-03-10 08:00:00,0.5581247,0.6346253,2024-03-10,8
2024-03-10 09:00:00,0.7338709,0.8270196,2024-03-10,9
2024-03-10 10:00:00,0.6638543,0.7166418,2024-03-10,10
2024-03-10 11:00:00,0.6963472,0.7488919,2024-03-10,11
2024-03-10 12:00:00,0.8253773,0.9174583,2024-03-10,12
2024-03-10 13:00:00,0.8379045,0.9428648,2024-03-10,13
2024-03-10 14:00:00,0.7668785,0.8707885,2024-03-10,14
2024-03-10 15:00:00,0.5177932,0.5958899,2024-03-10,15
2024-03-10 16:00:00,0.3049828,0.3669401,2024-03-10,16
2024-03-10 17:00:00,0.05386536,0.09737267,2024-03-10,17
2024-03-10 18:00:00,0.0,0.0,2024-03-10,18
2024-03-10 19:00:00,0.0,0.0,2024-03-10,19
2024-03-10 20:00:00,0.0,0.0,2024-03-10,20
2024-03-10 21:00:00,0.0,0.0,2024-03-10,21
2024-03-10 22:00:00,0.0,0.0,2024-03-10,22
2024-03-10 23:00:00,0.0,0.0,2024-03-10,23
2024-03-11 00:00:00,0.0,0.0,2024-03-11,0
2024-03-11 01:00:00,0.0,0.0,2024-03-11,1
2024-03-11 02:00:00,0.0,0.0,2024-03-11,2
2024-03-11 03:00:00,0.0,0.0,2024-03-11,3
2024-03-11 04:00:00,0.0,0.0,2024-03-11,4
2024-03-11 05:00:00,0.000457802,0.0,2024-03-11,5
2024-03-11 06:00:00,0.1254975,0.1594451,2024-03-11,6
2024-03-11 07:00:00,0.3715429,0.4322346,2024-03-11,7
2024-03-11 08:00:00,0.6165164,0.7019742,2024-03-11,8
2024-03-11 09:00:00,0.8023157,0.9043688,2024-03-11,9
2024-03-11 10:00:00,0.9469824,1.062788,2024-03-11,10
2024-03-11 11:00:00,1.030168,1.154519,2024-03-11,11
2024-03-11 12:00:00,0.9443427,1.057574,2024-03-11,12
2024-03-11 13:00:00,0.8807958,0.9894502,2024-03-11,13
2024-03-11 14:00:00,0.7774547,0.8797205,2024-03-11,14
2024-03-11 15:00:00,0.4402224,0.493964,2024-03-11,15
2024-03-11 16:00:00,0.2442062,0.28233,2024-03-11,16
2024-03-11 17:00:00,0.05456446,0.09370355,2024-03-11,17
2024-03-11 18:00:00,0.0,0.0,2024-03-11,18
2024-03-11 19:00:00,0.0,0.0,2024-03-11,19
2024-03-11 20:00:00,0.0,0.0,2024-03-11,20
2024-03-11 21:00:00,0.0,0.0,2024-03-11,21
2024-03-11 22:00:00,0.0,0.0,2024-03-11,22
2024-03-11 23:00:00,0.0,0.0,2024-03-11,23
2024-03-12 00:00:00,0.0,0.0,2024-03-12,0
2024-03-12 01:00:00,0.0,0.0,2024-03-12,1
2024-03-12 02:00:00,0.0,0.0,2024-03-12,2
2024-03-12 03:00:00,0.0,0.0,2024-03-12,3
2024-03-12 04:00:00,0.0,0.0,2024-03-12,4
2024-03-12 05:00:00,0.000625504,0.0,2024-03-12,5
2024-03-12 06:00:00,0.1095881,0.1293848,2024-03-12,6
2024-03-12 07:00:00,0.3165556,0.3558486,2024-03-12,7
2024-03-12 08:00:00,0.5592182,0.6297641,2024-03-12,8
2024-03-12 09:00:00,0.7991374,0.8976089,2024-03-12,9
2024-03-12 10:00:00,0.962243,1.076908,2024-03-12,10
2024-03-12 11:00:00,1.056997,1.181683,2024-03-12,11
2024-03-12 12:00:00,1.003801,1.121991,2024-03-12,12
2024-03-12 13:00:00,0.9582076,1.074467,2024-03-12,13
2024-03-12 14:00:00,0.6190081,0.6870894,2024-03-12,14
2024-03-12 15:00:00,0.4961056,0.5633483,2024-03-12,15
2024-03-12 16:00:00,0.306714,0.3626927,2024-03-12,16
2024-03-12 17:00:00,0.04871596,0.07462121,2024-03-12,17
2024-03-12 18:00:00,0.0,0.0,2024-03-12,18
2024-03-12 19:00:00,0.0,0.0,2024-03-12,19
2024-03-12 20:00:00,0.0,0.0,2024-03-12,20
2024-03-12 21:00:00,0.0,0.0,2024-03-12,21
2024-03-12 22:00:00,0.0,0.0,2024-03-12,22
2024-03-12 23:00:00,0.0,0.0,2024-03-12,23
2024-03-13 00:00:00,0.0,0.0,2024-03-13,0
2024-03-13 01:00:00,0.0,0.0,2024-03-13,1
2024-03-13 02:00:00,0.0,0.0,2024-03-13,2
2024-03-13 03:00:00,0.0,0.0,2024-03-13,3
2024-03-13 04:00:00,0.0,0.0,2024-03-13,4
2024-03-13 05:00:00,0.000791932,0.0,2024-03-13,5
2024-03-13 06:00:00,0.02696443,0.02630791,2024-03-13,6
2024-03-13 07:00:00,0.1064229,0.1038602,2024-03-13,7
2024-03-13 08:00:00,0.2111042,0.2066397,2024-03-13,8
2024-03-13 09:00:00,0.6201931,0.6748774,2024-03-13,9
2024-03-13 10:00:00,0.6182955,0.6523712,2024-03-13,10
2024-03-13 11:00:00,0.8817893,0.9766576,2024-03-13,11
2024-03-13 12:00:00,0.8534085,0.9438384,2024-03-13,12
2024-03-13 13:00:00,0.8799466,0.9823834,2024-03-13,13
2024-03-13 14:00:00,0.6841431,0.7652086,2024-03-13,14
2024-03-13 15:00:00,0.4759509,0.5352365,2024-03-13,15
2024-03-13 16:00:00,0.2384047,0.2692833,2024-03-13,16
2024-03-13 17:00:00,0.04134021,0.05374197,2024-03-13,17
2024-03-13 18:00:00,0.0,0.0,2024-03-13,18
2024-03-13 19:00:00,0.0,0.0,2024-03-13,19
2024-03-13 20:00:00,0.0,0.0,2024-03-13,20
2024-03-13 21:00:00,0.0,0.0,2024-03-13,21
2024-03-13 22:00:00,0.0,0.0,2024-03-13,22
2024-03-13 23:00:00,0.0,0.0,2024-03-13,23
2024-03-14 00:00:00,0.0,0.0,2024-03-14,0
2024-03-14 01:00:00,0.0,0.0,2024-03-14,1
2024-03-14 02:00:00,0.0,0.0,2024-03-14,2
2024-03-14 03:00:00,0.0,0.0,2024-03-14,3
2024-03-14 04:00:00,0.0,0.0,2024-03-14,4
2024-03-14 05:00:00,0.001405238,0.0,2024-03-14,5
2024-03-14 06:00:00,0.06762908,0.0677101,2024-03-14,6
2024-03-14 07:00:00,0.3266405,0.3638919,2024-03-14,7
2024-03-14 08:00:00,0.4105769,0.4325127,2024-03-14,8
2024-03-14 09:00:00,0.4071142,0.409532,2024-03-14,9
2024-03-14 10:00:00,0.5669544,0.586991,2024-03-14,10
2024-03-14 11:00:00,0.5605043,0.5732248,2024-03-14,11
2024-03-14 12:00:00,0.5073053,0.5123734,2024-03-14,12
2024-03-14 13:00:00,0.7057692,0.7688755,2024-03-14,13
2024-03-14 14:00:00,0.5873965,0.6417165,2024-03-14,14
2024-03-14 15:00:00,0.2532375,0.252987,2024-03-14,15
2024-03-14 16:00:00,0.1350618,0.1346223,2024-03-14,16
2024-03-14 17:00:00,0.03673534,0.04271029,2024-03-14,17
2024-03-14 18:00:00,0.0,0.0,2024-03-14,18
2024-03-14 19:00:00,0.0,0.0,2024-03-14,19
2024-03-14 20:00:00,0.0,0.0,2024-03-14,20
2024-03-14 21:00:00,0.0,0.0,2024-03-14,21
2024-03-14 22:00:00,0.0,0.0,2024-03-14,22
2024-03-14 23:00:00,0.0,0.0,2024-03-14,23
2024-03-15 00:00:00,0.0,0.0,2024-03-15,0
2024-03-15 01:00:00,0.0,0.0,2024-03-15,1
2024-03-15 02:00:00,0.0,0.0,2024-03-15,2
2024-03-15 03:00:00,0.0,0.0,2024-03-15,3
2024-03-15 04:00:00,0.0,0.0,2024-03-15,4
2024-03-15 05:00:00,0.000824814,0.0,2024-03-15,5
2024-03-15 06:00:00,0.01155289,0.01123541,2024-03-15,6
2024-03-15 07:00:00,0.02276154,0.02212048,2024-03-15,7
2024-03-15 08:00:00,0.08966856,0.08725929,2024-03-15,8
2024-03-15 09:00:00,0.02822069,0.02741398,2024-03-15,9
2024-03-15 10:00:00,0.07350478,0.07145257,2024-03-15,10
2024-03-15 11:00:00,0.1746284,0.1700086,2024-03-15,11
2024-03-15 12:00:00,0.2012865,0.1960562,2024-03-15,12
2024-03-15 13:00:00,0.2108767,0.2055059,2024-03-15,13
2024-03-15 14:00:00,0.01251197,0.01215055,2024-03-15,14
2024-03-15 15:00:00,0.05447302,0.05297568,2024-03-15,15
2024-03-15 16:00:00,0.05062212,0.04930251,2024-03-15,16
2024-03-15 17:00:00,0.008614275,0.008413172,2024-03-15,17
2024-03-15 18:00:00,0.0,0.0,2024-03-15,18
2024-03-15 19:00:00,0.0,0.0,2024-03-15,19
2024-03-15 20:00:00,0.0,0.0,2024-03-15,20
2024-03-15 21:00:00,0.0,0.0,2024-03-15,21
2024-03-15 22:00:00,0.0,0.0,2024-03-15,22
2024-03-15 23:00:00,0.0,0.0,2024-03-15,23
2024-03-16 00:00:00,0.0,0.0,2024-03-16,0
2024-03-16 01:00:00,0.0,0.0,2024-03-16,1
2024-03-16 02:00:00,0.0,0.0,2024-03-16,2
2024-03-16 03:00:00,0.0,0.0,2024-03-16,3
2024-03-16 04:00:00,0.0,0.0,2024-03-16,4
2024-03-16 05:00:00,0.00252369,0.0,2024-03-16,5
2024-03-16 06:00:00,0.1178275,0.1308778,2024-03-16,6
2024-03-16 07:00:00,0.3475509,0.3856821,2024-03-16,7
2024-03-16 08:00:00,0.4523619,0.4822886,2024-03-16,8
2024-03-16 09:00:00,0.5998122,0.6419697,2024-03-16,9
2024-03-16 10:00:00,0.6288543,0.660786,2024-03-16,10
2024-03-16 11:00:00,0.7798245,0.8427071,2024-03-16,11
2024-03-16 12:00:00,0.7884818,0.8557056,2024-03-16,12
2024-03-16 13:00:00,0.3278978,0.3215671,2024-03-16,13
2024-03-16 14:00:00,0.4121052,0.4192434,2024-03-16,14
2024-03-16 15:00:00,0.4665186,0.5154091,2024-03-16,15
2024-03-16 16:00:00,0.1396184,0.1391117,2024-03-16,16
2024-03-16 17:00:00,0.02954953,0.03037195,2024-03-16,17
2024-03-16 18:00:00,0.0,0.0,2024-03-16,18
2024-03-16 19:00:00,0.0,0.0,2024-03-16,19
2024-03-16 20:00:00,0.0,0.0,2024-03-16,20
2024-03-16 21:00:00,0.0,0.0,2024-03-16,21
2024-03-16 22:00:00,0.0,0.0,2024-03-16,22
2024-03-16 23:00:00,0.0,0.0,2024-03-16,23
2024-03-17 00:00:00,0.0,0.0,2024-03-17,0
2024-03-17 01:00:00,0.0,0.0,2024-03-17,1
2024-03-17 02:00:00,0.0,0.0,2024-03-17,2
2024-03-17 03:00:00,0.0,0.0,2024-03-17,3
2024-03-17 04:00:00,0.0,0.0,2024-03-17,4
2024-03-17 05:00:00,0.003435708,0.0,2024-03-17,5
2024-03-17 06:00:00,0.07835318,0.07852993,2024-03-17,6
2024-03-17 07:00:00,0.2287145,0.2326416,2024-03-17,7
2024-03-17 08:00:00,0.4530554,0.4812064,2024-03-17,8
2024-03-17 09:00:00,0.5996816,0.6397145,2024-03-17,9
2024-03-17 10:00:00,0.4989386,0.5037772,2024-03-17,10
2024-03-17 11:00:00,0.5862187,0.6009779,2024-03-17,11
2024-03-17 12:00:00,0.3438288,0.336587,2024-03-17,12
2024-03-17 13:00:00,0.3558472,0.3501519,2024-03-17,13
2024-03-17 14:00:00,0.3151279,0.3112051,2024-03-17,14
2024-03-17 15:00:00,0.338043,0.3503425,2024-03-17,15
2024-03-17 16:00:00,0.2561272,0.2840985,2024-03-17,16
2024-03-17 17:00:00,0.04974291,0.06089897,2024-03-17,17
2024-03-17 18:00:00,0.0,0.0,2024-03-17,18
2024-03-17 19:00:00,0.0,0.0,2024-03-17,19
2024-03-17 20:00:00,0.0,0.0,2024-03-17,20
2024-03-17 21:00:00,0.0,0.0,2024-03-17,21
2024-03-17 22:00:00,0.0,0.0,2024-03-17,22
2024-03-17 23:00:00,0.0,0.0,2024-03-17,23
2024-03-18 00:00:00,0.0,0.0,2024-03-18,0
2024-03-18 01:00:00,0.0,0.0,2024-03-18,1
2024-03-18 02:00:00,0.0,0.0,2024-03-18,2
2024-03-18 03:00:00,0.0,0.0,2024-03-18,3
2024-03-18 04:00:00,0.0,0.0,2024-03-18,4
2024-03-18 05:00:00,0.003136579,0.0,2024-03-18,5
2024-03-18 06:00:00,0.1042002,0.1087057,2024-03-18,6
2024-03-18 07:00:00,0.3797201,0.4201507,2024-03-18,7
2024-03-18 08:00:00,0.54015,0.5886148,2024-03-18,8
2024-03-18 09:00:00,0.5838352,0.61784,2024-03-18,9
2024-03-18 10:00:00,0.9574168,1.052332,2024-03-18,10
2024-03-18 11:00:00,0.9156457,1.002464,2024-03-18,11
2024-03-18 12:00:00,0.9779328,1.074168,2024-03-18,12
2024-03-18 13:00:00,0.687979,0.737637,2024-03-18,13
2024-03-18 14:00:00,0.5596916,0.5981243,2024-03-18,14
2024-03-18 15:00:00,0.4410169,0.4785268,2024-03-18,15
2024-03-18 16:00:00,0.2361366,0.2557983,2024-03-18,16
2024-03-18 17:00:00,0.07271089,0.09333604,2024-03-18,17
2024-03-18 18:00:00,0.0,0.0,2024-03-18,18
2024-03-18 19:00:00,0.0,0.0,2024-03-18,19
2024-03-18 20:00:00,0.0,0.0,2024-03-18,20
2024-03-18 21:00:00,0.0,0.0,2024-03-18,21
2024-03-18 22:00:00,0.0,0.0,2024-03-18,22
2024-03-18 23:00:00,0.0,0.0,2024-03-18,23
2024-03-19 00:00:00,0.0,0.0,2024-03-19,0
2024-03-19 01:00:00,0.0,0.0,2024-03-19,1
2024-03-19 02:00:00,0.0,0.0,2024-03-19,2
2024-03-19 03:00:00,0.0,0.0,2024-03-19,3
2024-03-19 04:00:00,0.0,0.0,2024-03-19,4
2024-03-19 05:00:00,0.003692882,0.0,2024-03-19,5
2024-03-19 06:00:00,0.09757207,0.0995024,2024-03-19,6
2024-03-19 07:00:00,0.2070611,0.2067493,2024-03-19,7
2024-03-19 08:00:00,0.5118373,0.5508859,2024-03-19,8
2024-03-19 09:00:00,0.5249135,0.5435641,2024-03-19,9
2024-03-19 10:00:00,0.8254787,0.8978828,2024-03-19,10
2024-03-19 11:00:00,0.5891985,0.6025617,2024-03-19,11
2024-03-19 12:00:00,0.8831866,0.9628701,2024-03-19,12
2024-03-19 13:00:00,0.6691122,0.7121285,2024-03-19,13
2024-03-19 14:00:00,0.474868,0.4914352,2024-03-19,14
2024-03-19 15:00:00,0.4711127,0.513552,2024-03-19,15
2024-03-19 16:00:00,0.2657723,0.2916872,2024-03-19,16
2024-03-19 17:00:00,0.06780604,0.08314312,2024-03-19,17
2024-03-19 18:00:00,0.0,0.0,2024-03-19,18
2024-03-19 19:00:00,0.0,0.0,2024-03-19,19
2024-03-19 20:00:00,0.0,0.0,2024-03-19,20
2024-03-19 21:00:00,0.0,0.0,2024-03-19,21
2024-03-19 22:00:00,0.0,0.0,2024-03-19,22
2024-03-19 23:00:00,0.0,0.0,2024-03-19,23
2024-03-20 00:00:00,0.0,0.0,2024-03-20,0
2024-03-20 01:00:00,0.0,0.0,2024-03-20,1
2024-03-20 02:00:00,0.0,0.0,2024-03-20,2
2024-03-20 03:00:00,0.0,0.0,2024-03-20,3
2024-03-20 04:00:00,0.0,0.0,2024-03-20,4
2024-03-20 05:00:00,0.004073203,0.0,2024-03-20,5
2024-03-20 06:00:00,0.1606819,0.1777861,2024-03-20,6
2024-03-20 07:00:00,0.3984634,0.436633,2024-03-20,7
2024-03-20 08:00:00,0.6312233,0.6908315,2024-03-20,8
2024-03-20 09:00:00,0.8676306,0.9492184,2024-03-20,9
2024-03-20 10:00:00,1.046051,1.144311,2024-03-20,10
2024-03-20 11:00:00,0.9457386,1.031401,2024-03-20,11
2024-03-20 12:00:00,0.9138936,0.9958346,2024-03-20,12
2024-03-20 13:00:00,0.7769151,0.8419495,2024-03-20,13
2024-03-20 14:00:00,0.6259159,0.6759009,2024-03-20,14
2024-03-20 15:00:00,0.4537932,0.4899144,2024-03-20,15
2024-03-20 16:00:00,0.2633916,0.2863385,2024-03-20,16
2024-03-20 17:00:00,0.06864718,0.08074632,2024-03-20,17
2024-03-20 18:00:00,0.0,0.0,2024-03-20,18
2024-03-20 19:00:00,0.0,0.0,2024-03-20,19
2024-03-20 20:00:00,0.0,0.0,2024-03-20,20
2024-03-20 21:00:00,0.0,0.0,2024-03-20,21
2024-03-20 22:00:00,0.0,0.0,2024-03-20,22
2024-03-20 23:00:00,0.0,0.0,2024-03-20,23
2024-03-21 00:00:00,0.0,0.0,2024-03-21,0
2024-03-21 01:00:00,0.0,0.0,2024-03-21,1
2024-03-21 02:00:00,0.0,0.0,2024-03-21,2
2024-03-21 03:00:00,0.0,0.0,2024-03-21,3
2024-03-21 04:00:00,0.0,0.0,2024-03-21,4
2024-03-21 05:00:00,0.003070941,0.0,2024-03-21,5
2024-03-21 06:00:00,0.03214961,0.03129217,2024-03-21,6
2024-03-21 07:00:00,0.1549431,0.1516064,2024-03-21,7
2024-03-21 08:00:00,0.4367214,0.4540161,2024-03-21,8
2024-03-21 09:00:00,0.5494521,0.5704967,2024-03-21,9
2024-03-21 10:00:00,0.7433587,0.793305,2024-03-21,10
2024-03-21 11:00:00,0.8382958,0.902512,2024-03-21,11
2024-03-21 12:00:00,0.9709761,1.057465,2024-03-21,12
2024-03-21 13:00:00,0.9073702,0.9887032,2024-03-21,13
2024-03-21 14:00:00,0.4709956,0.4846084,2024-03-21,14
2024-03-21 15:00:00,0.3906889,0.4100649,2024-03-21,15
2024-03-21 16:00:00,0.2196824,0.2299739,2024-03-21,16
2024-03-21 17:00:00,0.04088587,0.04189725,2024-03-21,17
2024-03-21 18:00:00,0.0,0.0,2024-03-21,18
2024-03-21 19:00:00,0.0,0.0,2024-03-21,19
2024-03-21 20:00:00,0.0,0.0,2024-03-21,20
2024-03-21 21:00:00,0.0,0.0,2024-03-21,21
2024-03-21 22:00:00,0.0,0.0,2024-03-21,22
2024-03-21 23:00:00,0.0,0.0,2024-03-21,23
2024-03-22 00:00:00,0.0,0.0,2024-03-22,0
2024-03-22 01:00:00,0.0,0.0,2024-03-22,1
2024-03-22 02:00:00,0.0,0.0,2024-03-22,2
2024-03-22 03:00:00,0.0,0.0,2024-03-22,3
2024-03-22 04:00:00,0.0,0.0,2024-03-22,4
2024-03-22 05:00:00,0.007888318,0.0,2024-03-22,5
2024-03-22 06:00:00,0.1626185,0.1745636,2024-03-22,6
2024-03-22 07:00:00,0.3444085,0.3662049,2024-03-22,7
2024-03-22 08:00:00,0.5651086,0.6081718,2024-03-22,8
2024-03-22 09:00:00,0.4666152,0.4717977,2024-03-22,9
2024-03-22 10:00:00,0.4496879,0.4466686,2024-03-22,10
2024-03-22 11:00:00,0.7019387,0.7343022,2024-03-22,11
2024-03-22 12:00:00,0.7968358,0.8519431,2024-03-22,12
2024-03-22 13:00:00,0.7654048,0.8231732,2024-03-22,13
2024-03-22 14:00:00,0.6865004,0.7428008,2024-03-22,14
2024-03-22 15:00:00,0.4946421,0.534116,2024-03-22,15
2024-03-22 16:00:00,0.2238087,0.2335941,2024-03-22,16
2024-03-22 17:00:00,0.03848092,0.0385249,2024-03-22,17
2024-03-22 18:00:00,0.0,0.0,2024-03-22,18
2024-03-22 19:00:00,0.0,0.0,2024-03-22,19
2024-03-22 20:00:00,0.0,0.0,2024-03-22,20
2024-03-22 21:00:00,0.0,0.0,2024-03-22,21
2024-03-22 22:00:00,0.0,0.0,2024-03-22,22
2024-03-22 23:00:00,0.0,0.0,2024-03-22,23
2024-03-23 00:00:00,0.0,0.0,2024-03-23,0
2024-03-23 01:00:00,0.0,0.0,2024-03-23,1
2024-03-23 02:00:00,0.0,0.0,2024-03-23,2
2024-03-23 03:00:00,0.0,0.0,2024-03-23,3
2024-03-23 04:00:00,0.0,0.0,2024-03-23,4
2024-03-23 05:00:00,0.007413712,0.0,2024-03-23,5
2024-03-23 06:00:00,0.1015564,0.101239,2024-03-23,6
2024-03-23 07:00:00,0.368801,0.3931848,2024-03-23,7
2024-03-23 08:00:00,0.4447934,0.4607056,2024-03-23,8
2024-03-23 09:00:00,0.619114,0.6516985,2024-03-23,9
2024-03-23 10:00:00,0.8270085,0.8889993,2024-03-23,10
2024-03-23 11:00:00,0.9001397,0.9704599,2024-03-23,11
2024-03-23 12:00:00,0.9696658,1.050107,2024-03-23,12
2024-03-23 13:00:00,0.9204113,0.99698,2024-03-23,13
2024-03-23 14:00:00,0.8034384,0.8701764,2024-03-23,14
2024-03-23 15:00:00,0.5785373,0.6255961,2024-03-23,15
2024-03-23 16:00:00,0.2719967,0.2898049,2024-03-23,16
2024-03-23 17:00:00,0.05095376,0.0516614,2024-03-23,17
2024-03-23 18:00:00,0.0,0.0,2024-03-23,18
2024-03-23 19:00:00,0.0,0.0,2024-03-23,19
2024-03-23 20:00:00,0.0,0.0,2024-03-23,20
2024-03-23 21:00:00,0.0,0.0,2024-03-23,21
2024-03-23 22:00:00,0.0,0.0,2024-03-23,22
2024-03-23 23:00:00,0.0,0.0,2024-03-23,23
2024-03-24 00:00:00,0.0,0.0,2024-03-24,0
2024-03-24 01:00:00,0.0,0.0,2024-03-24,1
2024-03-24 02:00:00,0.0,0.0,2024-03-24,2
2024-03-24 03:00:00,0.0,0.0,2024-03-24,3
2024-03-24 04:00:00,0.0,0.0,2024-03-24,4
2024-03-24 05:00:00,0.008183061,0.0,2024-03-24,5
2024-03-24 06:00:00,0.1783998,0.1876564,2024-03-24,6
2024-03-24 07:00:00,0.4319436,0.4631161,2024-03-24,7
2024-03-24 08:00:00,0.598518,0.6418796,2024-03-24,8
2024-03-24 09:00:00,0.8042943,0.8671355,2024-03-24,9
2024-03-24 10:00:00,0.9766568,1.055086,2024-03-24,10
2024-03-24 11:00:00,1.063162,1.149309,2024-03-24,11
2024-03-24 12:00:00,0.9880534,1.067354,2024-03-24,12
2024-03-24 13:00:00,0.9437861,1.019487,2024-03-24,13
2024-03-24 14:00:00,0.7520096,0.8109244,2024-03-24,14
2024-03-24 15:00:00,0.55338,0.5951661,2024-03-24,15
2024-03-24 16:00:00,0.2064186,0.2105457,2024-03-24,16
2024-03-24 17:00:00,0.04895332,0.04836698,2024-03-24,17
2024-03-24 18:00:00,0.0,0.0,2024-03-24,18
2024-03-24 19:00:00,0.0,0.0,2024-03-24,19
2024-03-24 20:00:00,0.0,0.0,2024-03-24,20
2024-03-24 21:00:00,0.0,0.0,2024-03-24,21
2024-03-24 22:00:00,0.0,0.0,2024-03-24,22
2024-03-24 23:00:00,0.0,0.0,2024-03-24,23
2024-03-25 00:00:00,0.0,0.0,2024-03-25,0
2024-03-25 01:00:00,0.0,0.0,2024-03-25,1
2024-03-25 02:00:00,0.0,0.0,2024-03-25,2
2024-03-25 03:00:00,0.0,0.0,2024-03-25,3
2024-03-25 04:00:00,0.0,0.0,2024-03-25,4
2024-03-25 05:00:00,0.008365271,0.0,2024-03-25,5
2024-03-25 06:00:00,0.1508493,0.1542896,2024-03-25,6
2024-03-25 07:00:00,0.3873976,0.409936,2024-03-25,7
2024-03-25 08:00:00,0.5272938,0.5558238,2024-03-25,8
2024-03-25 09:00:00,0.7384866,0.7893991,2024-03-25,9
2024-03-25 10:00:00,0.9473024,1.020099,2024-03-25,10
2024-03-25 11:00:00,0.9288239,0.9979708,2024-03-25,11
2024-03-25 12:00:00,0.6498706,0.6694114,2024-03-25,12
2024-03-25 13:00:00,0.8551457,0.9191288,2024-03-25,13
2024-03-25 14:00:00,0.7011325,0.7514465,2024-03-25,14
2024-03-25 15:00:00,0.5313829,0.5680297,2024-03-25,15
2024-03-25 16:00:00,0.26011,0.2715708,2024-03-25,16
2024-03-25 17:00:00,0.03777953,0.03668969,2024-03-25,17
2024-03-25 18:00:00,0.0,0.0,2024-03-25,18
2024-03-25 19:00:00,0.0,0.0,2024-03-25,19
2024-03-25 20:00:00,0.0,0.0,2024-03-25,20
2024-03-25 21:00:00,0.0,0.0,2024-03-25,21
2024-03-25 22:00:00,0.0,0.0,2024-03-25,22
2024-03-25 23:00:00,0.0,0.0,2024-03-25,23
2024-03-26 00:00:00,0.0,0.0,2024-03-26,0
2024-03-26 01:00:00,0.0,0.0,2024-03-26,1
2024-03-26 02:00:00,0.0,0.0,2024-03-26,2
2024-03-26 03:00:00,0.0,0.0,2024-03-26,3
2024-03-26 04:00:00,0.0,0.0,2024-03-26,4
2024-03-26 05:00:00,0.009005563,0.0,2024-03-26,5
2024-03-26 06:00:00,0.1820229,0.1867356,2024-03-26,6
2024-03-26 07:00:00,0.3550411,0.370089,2024-03-26,7
2024-03-26 08:00:00,0.6664299,0.7121531,2024-03-26,8
2024-03-26 09:00:00,0.8722266,0.9355763,2024-03-26,9
2024-03-26 10:00:00,0.7582903,0.8003676,2024-03-26,10
2024-03-26 11:00:00,0.7865576,0.8290854,2024-03-26,11
2024-03-26 12:00:00,0.7029443,0.7310939,2024-03-26,12
2024-03-26 13:00:00,0.7059137,0.743295,2024-03-26,13
2024-03-26 14:00:00,0.7175558,0.7671558,2024-03-26,14
2024-03-26 15:00:00,0.5742552,0.6118768,2024-03-26,15
2024-03-26 16:00:00,0.2502606,0.2583537,2024-03-26,16
2024-03-26 17:00:00,0.04978635,0.04735552,2024-03-26,17
2024-03-26 18:00:00,0.0,0.0,2024-03-26,18
2024-03-26 19:00:00,0.0,0.0,2024-03-26,19
2024-03-26 20:00:00,0.0,0.0,2024-03-26,20
2024-03-26 21:00:00,0.0,0.0,2024-03-26,21
2024-03-26 22:00:00,0.0,0.0,2024-03-26,22
2024-03-26 23:00:00,0.0,0.0,2024-03-26,23
2024-03-27 00:00:00,0.0,0.0,2024-03-27,0
2024-03-27 01:00:00,0.0,0.0,2024-03-27,1
2024-03-27 02:00:00,0.0,0.0,2024-03-27,2
2024-03-27 03:00:00,0.0,0.0,2024-03-27,3
2024-03-27 04:00:00,0.0,0.0,2024-03-27,4
2024-03-27 05:00:00,0.006519545,0.0,2024-03-27,5
2024-03-27 06:00:00,0.1424869,0.1422846,2024-03-27,6
2024-03-27 07:00:00,0.3872754,0.4048994,2024-03-27,7
2024-03-27 08:00:00,0.6332253,0.6728586,2024-03-27,8
2024-03-27 09:00:00,0.8971612,0.959506,2024-03-27,9
2024-03-27 10:00:00,0.887346,0.9478021,2024-03-27,10
2024-03-27 11:00:00,0.8415099,0.8919199,2024-03-27,11
2024-03-27 12:00:00,0.5905212,0.5983782,2024-03-27,12
2024-03-27 13:00:00,0.8036687,0.8554281,2024-03-27,13
2024-03-27 14:00:00,0.7671253,0.8185101,2024-03-27,14
2024-03-27 15:00:00,0.4853594,0.5109925,2024-03-27,15
2024-03-27 16:00:00,0.2226027,0.2255938,2024-03-27,16
2024-03-27 17:00:00,0.04230597,0.04024967,2024-03-27,17
2024-03-27 18:00:00,0.0,0.0,2024-03-27,18
2024-03-27 19:00:00,0.0,0.0,2024-03-27,19
2024-03-27 20:00:00,0.0,0.0,2024-03-27,20
2024-03-27 21:00:00,0.0,0.0,2024-03-27,21
2024-03-27 22:00:00,0.0,0.0,2024-03-27,22
2024-03-27 23:00:00,0.0,0.0,2024-03-27,23
2024-03-28 00:00:00,0.0,0.0,2024-03-28,0
2024-03-28 01:00:00,0.0,0.0,2024-03-28,1
2024-03-28 02:00:00,0.0,0.0,2024-03-28,2
2024-03-28 03:00:00,0.0,0.0,2024-03-28,3
2024-03-28 04:00:00,0.0,0.0,2024-03-28,4
2024-03-28 05:00:00,0.01130929,0.0,2024-03-28,5
2024-03-28 06:00:00,0.1364483,0.1349481,2024-03-28,6
2024-03-28 07:00:00,0.3794142,0.3937145,2024-03-28,7
2024-03-28 08:00:00,0.4611436,0.4726106,2024-03-28,8
2024-03-28 09:00:00,0.7374665,0.78054,2024-03-28,9
2024-03-28 10:00:00,0.6788661,0.7024572,2024-03-28,10
2024-03-28 11:00:00,1.041104,1.11306,2024-03-28,11
2024-03-28 12:00:00,1.049391,1.121882,2024-03-28,12
2024-03-28 13:00:00,0.9456893,1.009287,2024-03-28,13
2024-03-28 14:00:00,0.7542588,0.8017727,2024-03-28,14
2024-03-28 15:00:00,0.4279878,0.4430342,2024-03-28,15
2024-03-28 16:00:00,0.2762756,0.2835031,2024-03-28,16
2024-03-28 17:00:00,0.05560203,0.05026313,2024-03-28,17
2024-03-28 18:00:00,0.0,0.0,2024-03-28,18
2024-03-28 19:00:00,0.0,0.0,2024-03-28,19
2024-03-28 20:00:00,0.0,0.0,2024-03-28,20
2024-03-28 21:00:00,0.0,0.0,2024-03-28,21
2024-03-28 22:00:00,0.0,0.0,2024-03-28,22
2024-03-28 23:00:00,0.0,0.0,2024-03-28,23
2024-03-29 00:00:00,0.0,0.0,2024-03-29,0
2024-03-29 01:00:00,0.0,0.0,2024-03-29,1
2024-03-29 02:00:00,0.0,0.0,2024-03-29,2
2024-03-29 03:00:00,0.0,0.0,2024-03-29,3
2024-03-29 04:00:00,0.0,0.0,2024-03-29,4
2024-03-29 05:00:00,0.007964717,0.0,2024-03-29,5
2024-03-29 06:00:00,0.1025515,0.1001216,2024-03-29,6
2024-03-29 07:00:00,0.3017849,0.3045528,2024-03-29,7
2024-03-29 08:00:00,0.4440691,0.4517185,2024-03-29,8
2024-03-29 09:00:00,0.4486459,0.4472589,2024-03-29,9
2024-03-29 10:00:00,0.8006281,0.8434694,2024-03-29,10
2024-03-29 11:00:00,0.7663508,0.79935,2024-03-29,11
2024-03-29 12:00:00,0.8993226,0.9547546,2024-03-29,12
2024-03-29 13:00:00,0.9046057,0.9621518,2024-03-29,13
2024-03-29 14:00:00,0.6417907,0.673861,2024-03-29,14
2024-03-29 15:00:00,0.5026538,0.525607,2024-03-29,15
2024-03-29 16:00:00,0.2833201,0.2889412,2024-03-29,16
2024-03-29 17:00:00,0.05640458,0.04988896,2024-03-29,17
2024-03-29 18:00:00,0.0,0.0,2024-03-29,18
2024-03-29 19:00:00,0.0,0.0,2024-03-29,19
2024-03-29 20:00:00,0.0,0.0,2024-03-29,20
2024-03-29 21:00:00,0.0,0.0,2024-03-29,21
2024-03-29 22:00:00,0.0,0.0,2024-03-29,22
2024-03-29 23:00:00,0.0,0.0,2024-03-29,23
2024-03-30 00:00:00,0.0,0.0,2024-03-30,0
2024-03-30 01:00:00,0.0,0.0,2024-03-30,1
2024-03-30 02:00:00,0.0,0.0,2024-03-30,2
2024-03-30 03:00:00,0.0,0.0,2024-03-30,3
2024-03-30 04:00:00,0.0,0.0,2024-03-30,4
2024-03-30 05:00:00,0.0138376,0.0,2024-03-30,5
2024-03-30 06:00:00,0.02627523,0.02552444,2024-03-30,6
2024-03-30 07:00:00,0.03273993,0.03180795,2024-03-30,7
2024-03-30 08:00:00,0.06131284,0.05958508,2024-03-30,8
2024-03-30 09:00:00,0.09284542,0.09025234,2024-03-30,9
2024-03-30 10:00:00,0.3085592,0.3008656,2024-03-30,10
2024-03-30 11:00:00,0.1100811,0.1070107,2024-03-30,11
2024-03-30 12:00:00,0.07873594,0.07651434,2024-03-30,12
2024-03-30 13:00:00,0.1025222,0.09966474,2024-03-30,13
2024-03-30 14:00:00,0.09923634,0.09648335,2024-03-30,14
2024-03-30 15:00:00,0.08064988,0.07841235,2024-03-30,15
2024-03-30 16:00:00,0.07827116,0.07611922,2024-03-30,16
2024-03-30 17:00:00,0.01644873,0.01592901,2024-03-30,17
2024-03-30 18:00:00,0.0,0.0,2024-03-30,18
2024-03-30 19:00:00,0.0,0.0,2024-03-30,19
2024-03-30 20:00:00,0.0,0.0,2024-03-30,20
2024-03-30 21:00:00,0.0,0.0,2024-03-30,21
2024-03-30 22:00:00,0.0,0.0,2024-03-30,22
2024-03-30 23:00:00,0.0,0.0,2024-03-30,23
2024-03-31 00:00:00,0.0,0.0,2024-03-31,0
2024-03-31 01:00:00,0.0,0.0,2024-03-31,1
2024-03-31 02:00:00,0.0,0.0,2024-03-31,2
2024-03-31 03:00:00,0.0,0.0,2024-03-31,3
2024-03-31 04:00:00,0.0,0.0,2024-03-31,4
2024-03-31 05:00:00,0.01448455,0.0,2024-03-31,5
2024-03-31 06:00:00,0.1777638,0.1730244,2024-03-31,6
2024-03-31 07:00:00,0.436124,0.4488249,2024-03-31,7
2024-03-31 08:00:00,0.6615801,0.6929181,2024-03-31,8
2024-03-31 09:00:00,0.9080398,0.9590018,2024-03-31,9
2024-03-31 10:00:00,0.9710474,1.028486,2024-03-31,10
2024-03-31 11:00:00,1.034695,1.097348,2024-03-31,11
2024-03-31 12:00:00,1.030569,1.092602,2024-03-31,12
2024-03-31 13:00:00,0.6826457,0.706852,2024-03-31,13
2024-03-31 14:00:00,0.6543752,0.6836215,2024-03-31,14
2024-03-31 15:00:00,0.6006037,0.6248971,2024-03-31,15
2024-03-31 16:00:00,0.3166453,0.3189658,2024-03-31,16
2024-03-31 17:00:00,0.05022614,0.04473253,2024-03-31,17
2024-03-31 18:00:00,0.0,0.0,2024-03-31,18
2024-03-31 19:00:00,0.0,0.0,2024-03-31,19
2024-03-31 20:00:00,0.0,0.0,2024-03-31,20
2024-03-31 21:00:00,0.0,0.0,2024-03-31,21
2024-03-31 22:00:00,0.0,0.0,2024-03-31,22
2024-03-31 23:00:00,0.0,0.0,2024-03-31,23
2024-04-01 00:00:00,0.0,0.0,2024-04-01,0
2024-04-01 01:00:00,0.0,0.0,2024-04-01,1
2024-04-01 02:00:00,0.0,0.0,2024-04-01,2
2024-04-01 03:00:00,0.0,0.0,2024-04-01,3
2024-04-01 04:00:00,0.0,0.0,2024-04-01,4
2024-04-01 05:00:00,0.01445223,0.0,2024-04-01,5
2024-04-01 06:00:00,0.1447007,0.1402275,2024-04-01,6
2024-04-01 07:00:00,0.236009,0.2322247,2024-04-01,7
2024-04-01 08:00:00,0.409842,0.4105388,2024-04-01,8
2024-04-01 09:00:00,0.6506559,0.6720422,2024-04-01,9
2024-04-01 10:00:00,0.6553769,0.6695362,2024-04-01,10
2024-04-01 11:00:00,0.300858,0.2930948,2024-04-01,11
2024-04-01 12:00:00,0.5583361,0.5588404,2024-04-01,12
2024-04-01 13:00:00,0.4199652,0.4139548,2024-04-01,13
2024-04-01 14:00:00,0.314054,0.3077202,2024-04-01,14
2024-04-01 15:00:00,0.3168111,0.3147276,2024-04-01,15
2024-04-01 16:00:00,0.2397335,0.2376513,2024-04-01,16
2024-04-01 17:00:00,0.06611982,0.05209448,2024-04-01,17
2024-04-01 18:00:00,0.0,0.0,2024-04-01,18
2024-04-01 19:00:00,0.0,0.0,2024-04-01,19
2024-04-01 20:00:00,0.0,0.0,2024-04-01,20
2024-04-01 21:00:00,0.0,0.0,2024-04-01,21
2024-04-01 22:00:00,0.0,0.0,2024-04-01,22
2024-04-01 23:00:00,0.0,0.0,2024-04-01,23
2024-04-02 00:00:00,0.0,0.0,2024-04-02,0
2024-04-02 01:00:00,0.0,0.0,2024-04-02,1
2024-04-02 02:00:00,0.0,0.0,2024-04-02,2
2024-04-02 03:00:00,0.0,0.0,2024-04-02,3
2024-04-02 04:00:00,0.0,0.0,2024-04-02,4
2024-04-02 05:00:00,0.01060193,0.0,2024-04-02,5
2024-04-02 06:00:00,0.1522385,0.1467248,2024-04-02,6
2024-04-02 07:00:00,0.2200972,0.2157005,2024-04-02,7
2024-04-02 08:00:00,0.3110346,0.3055092,2024-04-02,8
2024-04-02 09:00:00,0.5127593,0.514814,2024-04-02,9
2024-04-02 10:00:00,0.6331886,0.6430788,2024-04-02,10
2024-04-02 11:00:00,0.4718991,0.4653062,2024-04-02,11
2024-04-02 12:00:00,0.4133651,0.4053943,2024-04-02,12
2024-04-02 13:00:00,0.3404708,0.3327441,2024-04-02,13
2024-04-02 14:00:00,0.3675989,0.3625451,2024-04-02,14
2024-04-02 15:00:00,0.3805123,0.3826789,2024-04-02,15
2024-04-02 16:00:00,0.1860985,0.1822481,2024-04-02,16
2024-04-02 17:00:00,0.04187414,0.03866649,2024-04-02,17
2024-04-02 18:00:00,0.0,0.0,2024-04-02,18
2024-04-02 19:00:00,0.0,0.0,2024-04-02,19
2024-04-02 20:00:00,0.0,0.0,2024-04-02,20
2024-04-02 21:00:00,0.0,0.0,2024-04-02,21
2024-04-02 22:00:00,0.0,0.0,2024-04-02,22
2024-04-02 23:00:00,0.0,0.0,2024-04-02,23
2024-04-03 00:00:00,0.0,0.0,2024-04-03,0
2024-04-03 01:00:00,0.0,0.0,2024-04-03,1
2024-04-03 02:00:00,0.0,0.0,2024-04-03,2
2024-04-03 03:00:00,0.0,0.0,2024-04-03,3
2024-04-03 04:00:00,0.0,0.0,2024-04-03,4
2024-04-03 05:00:00,0.02134912,0.0,2024-04-03,5
2024-04-03 06:00:00,0.1005925,0.09752847,2024-04-03,6
2024-04-03 07:00:00,0.3066496,0.3047135,2024-04-03,7
2024-04-03 08:00:00,0.5750101,0.591114,2024-04-03,8
2024-04-03 09:00:00,0.428171,0.4232078,2024-04-03,9
2024-04-03 10:00:00,0.507203,0.5035519,2024-04-03,10
2024-04-03 11:00:00,0.2699906,0.2628515,2024-04-03,11
2024-04-03 12:00:00,0.2263751,0.2202987,2024-04-03,12
2024-04-03 13:00:00,0.376834,0.3692919,2024-04-03,13
2024-04-03 14:00:00,0.2522554,0.2458492,2024-04-03,14
2024-04-03 15:00:00,0.3071718,0.3035735,2024-04-03,15
2024-04-03 16:00:00,0.1725451,0.1683628,2024-04-03,16
2024-04-03 17:00:00,0.06160649,0.04863383,2024-04-03,17
2024-04-03 18:00:00,0.0,0.0,2024-04-03,18
2024-04-03 19:00:00,0.0,0.0,2024-04-03,19
2024-04-03 20:00:00,0.0,0.0,2024-04-03,20
2024-04-03 21:00:00,0.0,0.0,2024-04-03,21
2024-04-03 22:00:00,0.0,0.0,2024-04-03,22
2024-04-03 23:00:00,0.0,0.0,2024-04-03,23
2024-04-04 00:00:00,0.0,0.0,2024-04-04,0
2024-04-04 01:00:00,0.0,0.0,2024-04-04,1
2024-04-04 02:00:00,0.0,0.0,2024-04-04,2
2024-04-04 03:00:00,0.0,0.0,2024-04-04,3
2024-04-04 04:00:00,0.0,0.0,2024-04-04,4
2024-04-04 05:00:00,0.01629606,0.0,2024-04-04,5
2024-04-04 06:00:00,0.1342942,0.1291874,2024-04-04,6
2024-04-04 07:00:00,0.2676868,0.2635341,2024-04-04,7
2024-04-04 08:00:00,0.4841252,0.4889964,2024-04-04,8
2024-04-04 09:00:00,0.4722866,0.4695324,2024-04-04,9
2024-04-04 10:00:00,0.5723267,0.5734466,2024-04-04,10
2024-04-04 11:00:00,0.8683485,0.9046231,2024-04-04,11
2024-04-04 12:00:00,0.8632736,0.8997386,2024-04-04,12
2024-04-04 13:00:00,0.9248866,0.9667043,2024-04-04,13
2024-04-04 14:00:00,0.5710589,0.5824088,2024-04-04,14
2024-04-04 15:00:00,0.4252601,0.4286021,2024-04-04,15
2024-04-04 16:00:00,0.1836825,0.1789514,2024-04-04,16
2024-04-04 17:00:00,0.05504025,0.04580228,2024-04-04,17
2024-04-04 18:00:00,0.0,0.0,2024-04-04,18
2024-04-04 19:00:00,0.0,0.0,2024-04-04,19
2024-04-04 20:00:00,0.0,0.0,2024-04-04,20
2024-04-04 21:00:00,0.0,0.0,2024-04-04,21
2024-04-04 22:00:00,0.0,0.0,2024-04-04,22
2024-04-04 23:00:00,0.0,0.0,2024-04-04,23
2024-04-05 00:00:00,0.0,0.0,2024-04-05,0
2024-04-05 01:00:00,0.0,0.0,2024-04-05,1
2024-04-05 02:00:00,0.0,0.0,2024-04-05,2
2024-04-05 03:00:00,0.0,0.0,2024-04-05,3
2024-04-05 04:00:00,0.0,0.0,2024-04-05,4
2024-04-05 05:00:00,0.01538113,0.0,2024-04-05,5
2024-04-05 06:00:00,0.1256177,0.1209437,2024-04-05,6
2024-04-05 07:00:00,0.2612611,0.2565192,2024-04-05,7
2024-04-05 08:00:00,0.6074251,0.6221533,2024-04-05,8
2024-04-05 09:00:00,0.6908319,0.7100697,2024-04-05,9
2024-04-05 10:00:00,0.9518261,0.9941998,2024-04-05,10
2024-04-05 11:00:00,0.8666075,0.9004863,2024-04-05,11
2024-04-05 12:00:00,0.5840343,0.5844494,2024-04-05,12
2024-04-05 13:00:00,0.5022998,0.4995048,2024-04-05,13
2024-04-05 14:00:00,0.3363991,0.329815,2024-04-05,14
2024-04-05 15:00:00,0.2688056,0.263485,2024-04-05,15
2024-04-05 16:00:00,0.1772527,0.1723,2024-04-05,16
2024-04-05 17:00:00,0.03415869,0.03241356,2024-04-05,17
2024-04-05 18:00:00,0.0,0.0,2024-04-05,18
2024-04-05 19:00:00,0.0,0.0,2024-04-05,19
2024-04-05 20:00:00,0.0,0.0,2024-04-05,20
2024-04-05 21:00:00,0.0,0.0,2024-04-05,21
2024-04-05 22:00:00,0.0,0.0,2024-04-05,22
2024-04-05 23:00:00,0.0,0.0,2024-04-05,23
2024-04-06 00:00:00,0.0,0.0,2024-04-06,0
2024-04-06 01:00:00,0.0,0.0,2024-04-06,1
2024-04-06 02:00:00,0.0,0.0,2024-04-06,2
2024-04-06 03:00:00,0.0,0.0,2024-04-06,3
2024-04-06 04:00:00,0.0,0.0,2024-04-06,4
2024-04-06 05:00:00,0.01865909,0.0,2024-04-06,5
2024-04-06 06:00:00,0.04974092,0.0482767,2024-04-06,6
2024-04-06 07:00:00,0.2280248,0.2227835,2024-04-06,7
2024-04-06 08:00:00,0.1946535,0.1893963,2024-04-06,8
2024-04-06 09:00:00,0.2431818,0.2366991,2024-04-06,9
2024-04-06 10:00:00,0.4630054,0.4560421,2024-04-06,10
2024-04-06 11:00:00,0.7248701,0.7389423,2024-04-06,11
2024-04-06 12:00:00,0.6322122,0.636609,2024-04-06,12
2024-04-06 13:00:00,0.2045094,0.1989635,2024-04-06,13
2024-04-06 14:00:00,0.3579217,0.351562,2024-04-06,14
2024-04-06 15:00:00,0.3039318,0.2989434,2024-04-06,15
2024-04-06 16:00:00,0.1148233,0.1115393,2024-04-06,16
2024-04-06 17:00:00,0.02597078,0.02498087,2024-04-06,17
2024-04-06 18:00:00,0.0,0.0,2024-04-06,18
2024-04-06 19:00:00,0.0,0.0,2024-04-06,19
2024-04-06 20:00:00,0.0,0.0,2024-04-06,20
2024-04-06 21:00:00,0.0,0.0,2024-04-06,21
2024-04-06 22:00:00,0.0,0.0,2024-04-06,22
2024-04-06 23:00:00,0.0,0.0,2024-04-06,23
2024-04-07 00:00:00,0.0,0.0,2024-04-07,0
2024-04-07 01:00:00,0.0,0.0,2024-04-07,1
2024-04-07 02:00:00,0.0,0.0,2024-04-07,2
2024-04-07 03:00:00,0.0,0.0,2024-04-07,3
2024-04-07 04:00:00,0.0,0.0,2024-04-07,4
2024-04-07 05:00:00,0.02679295,0.005964172,2024-04-07,5
2024-04-07 06:00:00,0.1646128,0.1550791,2024-04-07,6
2024-04-07 07:00:00,0.253233,0.2476967,2024-04-07,7
2024-04-07 08:00:00,0.541409,0.5470068,2024-04-07,8
2024-04-07 09:00:00,0.7654335,0.7879811,2024-04-07,9
2024-04-07 10:00:00,0.8882428,0.9207056,2024-04-07,10
2024-04-07 11:00:00,0.8378183,0.8642001,2024-04-07,11
2024-04-07 12:00:00,1.009385,1.050332,2024-04-07,12
2024-04-07 13:00:00,0.9264125,0.9599934,2024-04-07,13
2024-04-07 14:00:00,0.6400867,0.6529143,2024-04-07,14
2024-04-07 15:00:00,0.3767926,0.3735853,2024-04-07,15
2024-04-07 16:00:00,0.2072069,0.1999834,2024-04-07,16
2024-04-07 17:00:00,0.03679338,0.03458464,2024-04-07,17
2024-04-07 18:00:00,0.0,0.0,2024-04-07,18
2024-04-07 19:00:00,0.0,0.0,2024-04-07,19
2024-04-07 20:00:00,0.0,0.0,2024-04-07,20
2024-04-07 21:00:00,0.0,0.0,2024-04-07,21
2024-04-07 22:00:00,0.0,0.0,2024-04-07,22
2024-04-07 23:00:00,0.0,0.0,2024-04-07,23
2024-04-08 00:00:00,0.0,0.0,2024-04-08,0
2024-04-08 01:00:00,0.0,0.0,2024-04-08,1
2024-04-08 02:00:00,0.0,0.0,2024-04-08,2
2024-04-08 03:00:00,0.0,0.0,2024-04-08,3
2024-04-08 04:00:00,0.0,0.0,2024-04-08,4
2024-04-08 05:00:00,0.02769053,0.007125282,2024-04-08,5
2024-04-08 06:00:00,0.09771318,0.09453847,2024-04-08,6
2024-04-08 07:00:00,0.3096248,0.3037548,2024-04-08,7
2024-04-08 08:00:00,0.3667318,0.3609229,2024-04-08,8
2024-04-08 09:00:00,0.4473949,0.4414689,2024-04-08,9
2024-04-08 10:00:00,0.7987502,0.8203785,2024-04-08,10
2024-04-08 11:00:00,0.8360095,0.8602449,2024-04-08,11
2024-04-08 12:00:00,1.006384,1.044484,2024-04-08,12
2024-04-08 13:00:00,0.8160499,0.8403556,2024-04-08,13
2024-04-08 14:00:00,0.504352,0.5044236,2024-04-08,14
2024-04-08 15:00:00,0.4679842,0.4669009,2024-04-08,15
2024-04-08 16:00:00,0.1961788,0.1890956,2024-04-08,16
2024-04-08 17:00:00,0.05779546,0.04582555,2024-04-08,17
2024-04-08 18:00:00,0.0,0.0,2024-04-08,18
2024-04-08 19:00:00,0.0,0.0,2024-04-08,19
2024-04-08 20:00:00,0.0,0.0,2024-04-08,20
2024-04-08 21:00:00,0.0,0.0,2024-04-08,21
2024-04-08 22:00:00,0.0,0.0,2024-04-08,22
2024-04-08 23:00:00,0.0,0.0,2024-04-08,23
2024-04-09 00:00:00,0.0,0.0,2024-04-09,0
2024-04-09 01:00:00,0.0,0.0,2024-04-09,1
2024-04-09 02:00:00,0.0,0.0,2024-04-09,2
2024-04-09 03:00:00,0.0,0.0,2024-04-09,3
2024-04-09 04:00:00,0.0,0.0,2024-04-09,4
2024-04-09 05:00:00,0.02089218,0.01436456,2024-04-09,5
2024-04-09 06:00:00,0.09873449,0.09548399,2024-04-09,6
2024-04-09 07:00:00,0.2433618,0.2373431,2024-04-09,7
2024-04-09 08:00:00,0.4045984,0.3995622,2024-04-09,8
2024-04-09 09:00:00,0.3527568,0.3447431,2024-04-09,9
2024-04-09 10:00:00,0.4233961,0.4148553,2024-04-09,10
2024-04-09 11:00:00,0.3688641,0.3598548,2024-04-09,11
2024-04-09 12:00:00,0.6491935,0.6525629,2024-04-09,12
2024-04-09 13:00:00,0.7526155,0.7693659,2024-04-09,13
2024-04-09 14:00:00,0.6072581,0.6138398,2024-04-09,14
2024-04-09 15:00:00,0.2175186,0.2118402,2024-04-09,15
2024-04-09 16:00:00,0.224832,0.2147766,2024-04-09,16
2024-04-09 17:00:00,0.02982379,0.02854736,2024-04-09,17
2024-04-09 18:00:00,0.0,0.0,2024-04-09,18
2024-04-09 19:00:00,0.0,0.0,2024-04-09,19
2024-04-09 20:00:00,0.0,0.0,2024-04-09,20
2024-04-09 21:00:00,0.0,0.0,2024-04-09,21
2024-04-09 22:00:00,0.0,0.0,2024-04-09,22
2024-04-09 23:00:00,0.0,0.0,2024-04-09,23
2024-04-10 00:00:00,0.0,0.0,2024-04-10,0
2024-04-10 01:00:00,0.0,0.0,2024-04-10,1
2024-04-10 02:00:00,0.0,0.0,2024-04-10,2
2024-04-10 03:00:00,0.0,0.0,2024-04-10,3
2024-04-10 04:00:00,0.0,0.0,2024-04-10,4
2024-04-10 05:00:00,0.03304401,0.006045821,2024-04-10,5
2024-04-10 06:00:00,0.2346645,0.209385,2024-04-10,6
2024-04-10 07:00:00,0.461816,0.4524633,2024-04-10,7
2024-04-10 08:00:00,0.564627,0.5667815,2024-04-10,8
2024-04-10 09:00:00,0.8043857,0.8228176,2024-04-10,9
2024-04-10 10:00:00,0.9252499,0.9531816,2024-04-10,10
2024-04-10 11:00:00,0.8788458,0.9033814,2024-04-10,11
2024-04-10 12:00:00,0.8139555,0.8327916,2024-04-10,12
2024-04-10 13:00:00,0.7060519,0.7167797,2024-04-10,13
2024-04-10 14:00:00,0.5603559,0.5621138,2024-04-10,14
2024-04-10 15:00:00,0.584099,0.5797936,2024-04-10,15
2024-04-10 16:00:00,0.3738301,0.3474975,2024-04-10,16
2024-04-10 17:00:00,0.09638228,0.04960514,2024-04-10,17
2024-04-10 18:00:00,0.0,0.0,2024-04-10,18
2024-04-10 19:00:00,0.0,0.0,2024-04-10,19
2024-04-10 20:00:00,0.0,0.0,2024-04-10,20
2024-04-10 21:00:00,0.0,0.0,2024-04-10,21
2024-04-10 22:00:00,0.0,0.0,2024-04-10,22
2024-04-10 23:00:00,0.0,0.0,2024-04-10,23
2024-04-11 00:00:00,0.0,0.0,2024-04-11,0
2024-04-11 01:00:00,0.0,0.0,2024-04-11,1
2024-04-11 02:00:00,0.0,0.0,2024-04-11,2
2024-04-11 03:00:00,0.0,0.0,2024-04-11,3
2024-04-11 04:00:00,0.0,0.0,2024-04-11,4
2024-04-11 05:00:00,0.03628983,0.005179742,2024-04-11,5
2024-04-11 06:00:00,0.2022796,0.1832323,2024-04-11,6
2024-04-11 07:00:00,0.4090953,0.3990359,2024-04-11,7
2024-04-11 08:00:00,0.7674675,0.7732896,2024-04-11,8
2024-04-11 09:00:00,0.8267844,0.8440291,2024-04-11,9
2024-04-11 10:00:00,0.7822576,0.7967585,2024-04-11,10
2024-04-11 11:00:00,0.8348128,0.8532911,2024-04-11,11
2024-04-11 12:00:00,0.5940021,0.5913312,2024-04-11,12
2024-04-11 13:00:00,0.5038002,0.498228,2024-04-11,13
2024-04-11 14:00:00,0.638116,0.643056,2024-04-11,14
2024-04-11 15:00:00,0.5619199,0.5551984,2024-04-11,15
2024-04-11 16:00:00,0.3474877,0.3206433,2024-04-11,16
2024-04-11 17:00:00,0.1005973,0.04964435,2024-04-11,17
2024-04-11 18:00:00,0.0,0.0,2024-04-11,18
2024-04-11 19:00:00,0.0,0.0,2024-04-11,19
2024-04-11 20:00:00,0.0,0.0,2024-04-11,20
2024-04-11 21:00:00,0.0,0.0,2024-04-11,21
2024-04-11 22:00:00,0.0,0.0,2024-04-11,22
2024-04-11 23:00:00,0.0,0.0,2024-04-11,23
2024-04-12 00:00:00,0.0,0.0,2024-04-12,0
2024-04-12 01:00:00,0.0,0.0,2024-04-12,1
2024-04-12 02:00:00,0.0,0.0,2024-04-12,2
2024-04-12 03:00:00,0.0,0.0,2024-04-12,3
2024-04-12 04:00:00,0.0,0.0,2024-04-12,4
2024-04-12 05:00:00,0.04792109,0.002555163,2024-04-12,5
2024-04-12 06:00:00,0.2268432,0.201023,2024-04-12,6
2024-04-12 07:00:00,0.4927978,0.4784381,2024-04-12,7
2024-04-12 08:00:00,0.3475095,0.3401572,2024-04-12,8
2024-04-12 09:00:00,0.4522647,0.445066,2024-04-12,9
2024-04-12 10:00:00,0.1193172,0.1159605,2024-04-12,10
2024-04-12 11:00:00,0.4873475,0.4788446,2024-04-12,11
2024-04-12 12:00:00,0.7577957,0.7679563,2024-04-12,12
2024-04-12 13:00:00,0.7876378,0.8012273,2024-04-12,13
2024-04-12 14:00:00,0.3276358,0.3199797,2024-04-12,14
2024-04-12 15:00:00,0.2205994,0.214652,2024-04-12,15
2024-04-12 16:00:00,0.1672101,0.1609506,2024-04-12,16
2024-04-12 17:00:00,0.04949733,0.04294417,2024-04-12,17
2024-04-12 18:00:00,0.0,0.0,2024-04-12,18
2024-04-12 19:00:00,0.0,0.0,2024-04-12,19
2024-04-12 20:00:00,0.0,0.0,2024-04-12,20
2024-04-12 21:00:00,0.0,0.0,2024-04-12,21
2024-04-12 22:00:00,0.0,0.0,2024-04-12,22
2024-04-12 23:00:00,0.0,0.0,2024-04-12,23
2024-04-13 00:00:00,0.0,0.0,2024-04-13,0
2024-04-13 01:00:00,0.0,0.0,2024-04-13,1
2024-04-13 02:00:00,0.0,0.0,2024-04-13,2
2024-04-13 03:00:00,0.0,0.0,2024-04-13,3
2024-04-13 04:00:00,0.0,0.0,2024-04-13,4
2024-04-13 05:00:00,0.03375216,0.01201073,2024-04-13,5
2024-04-13 06:00:00,0.2228533,0.1971684,2024-04-13,6
2024-04-13 07:00:00,0.431915,0.4179164,2024-04-13,7
2024-04-13 08:00:00,0.6991112,0.6993714,2024-04-13,8
2024-04-13 09:00:00,0.9348794,0.9502754,2024-04-13,9
2024-04-13 10:00:00,1.024175,1.048602,2024-04-13,10
2024-04-13 11:00:00,1.018726,1.045309,2024-04-13,11
2024-04-13 12:00:00,0.9026979,0.9226292,2024-04-13,12
2024-04-13 13:00:00,0.7642793,0.774366,2024-04-13,13
2024-04-13 14:00:00,0.6439592,0.6454143,2024-04-13,14
2024-04-13 15:00:00,0.4585183,0.4487111,2024-04-13,15
2024-04-13 16:00:00,0.302742,0.2768002,2024-04-13,16
2024-04-13 17:00:00,0.08883493,0.04373608,2024-04-13,17
2024-04-13 18:00:00,0.0,0.0,2024-04-13,18
2024-04-13 19:00:00,0.0,0.0,2024-04-13,19
2024-04-13 20:00:00,0.0,0.0,2024-04-13,20
2024-04-13 21:00:00,0.0,0.0,2024-04-13,21
2024-04-13 22:00:00,0.0,0.0,2024-04-13,22
2024-04-13 23:00:00,0.0,0.0,2024-04-13,23
2024-04-14 00:00:00,0.0,0.0,2024-04-14,0
2024-04-14 01:00:00,0.0,0.0,2024-04-14,1
2024-04-14 02:00:00,0.0,0.0,2024-04-14,2
2024-04-14 03:00:00,0.0,0.0,2024-04-14,3
2024-04-14 04:00:00,0.0,0.0,2024-04-14,4
2024-04-14 05:00:00,0.02805529,0.0183292,2024-04-14,5
2024-04-14 06:00:00,0.1963831,0.1773628,2024-04-14,6
2024-04-14 07:00:00,0.288714,0.2800922,2024-04-14,7
2024-04-14 08:00:00,0.6497198,0.6471967,2024-04-14,8
2024-04-14 09:00:00,0.8461263,0.8570344,2024-04-14,9
2024-04-14 10:00:00,0.9443371,0.9636389,2024-04-14,10
2024-04-14 11:00:00,0.7631032,0.7702999,2024-04-14,11
2024-04-14 12:00:00,0.695978,0.6983264,2024-04-14,12
2024-04-14 13:00:00,0.6511604,0.6520153,2024-04-14,13
2024-04-14 14:00:00,0.6393899,0.6388354,2024-04-14,14
2024-04-14 15:00:00,0.5590767,0.5450728,2024-04-14,15
2024-04-14 16:00:00,0.305311,0.277097,2024-04-14,16
2024-04-14 17:00:00,0.06974185,0.04588461,2024-04-14,17
2024-04-14 18:00:00,0.0,0.0,2024-04-14,18
2024-04-14 19:00:00,0.0,0.0,2024-04-14,19
2024-04-14 20:00:00,0.0,0.0,2024-04-14,20
2024-04-14 21:00:00,0.0,0.0,2024-04-14,21
2024-04-14 22:00:00,0.0,0.0,2024-04-14,22
2024-04-14 23:00:00,0.0,0.0,2024-04-14,23
2024-04-15 00:00:00,0.0,0.0,2024-04-15,0
2024-04-15 01:00:00,0.0,0.0,2024-04-15,1
2024-04-15 02:00:00,0.0,0.0,2024-04-15,2
2024-04-15 03:00:00,0.0,0.0,2024-04-15,3
2024-04-15 04:00:00,0.0,0.0,2024-04-15,4
2024-04-15 05:00:00,0.04041977,0.00980709,2024-04-15,5
2024-04-15 06:00:00,0.2441138,0.2109186,2024-04-15,6
2024-04-15 07:00:00,0.4978693,0.4769791,2024-04-15,7
2024-04-15 08:00:00,0.6960587,0.6917332,2024-04-15,8
2024-04-15 09:00:00,0.6558446,0.6559874,2024-04-15,9
2024-04-15 10:00:00,0.8501115,0.8623706,2024-04-15,10
2024-04-15 11:00:00,0.8182618,0.8283789,2024-04-15,11
2024-04-15 12:00:00,0.8450752,0.857168,2024-04-15,12
2024-04-15 13:00:00,0.6362057,0.6350089,2024-04-15,13
2024-04-15 14:00:00,0.7155223,0.7147342,2024-04-15,14
2024-04-15 15:00:00,0.453813,0.4409881,2024-04-15,15
2024-04-15 16:00:00,0.2194435,0.2058235,2024-04-15,16
2024-04-15 17:00:00,0.05409696,0.04501544,2024-04-15,17
2024-04-15 18:00:00,0.0,0.0,2024-04-15,18
2024-04-15 19:00:00,0.0,0.0,2024-04-15,19
2024-04-15 20:00:00,0.0,0.0,2024-04-15,20
2024-04-15 21:00:00,0.0,0.0,2024-04-15,21
2024-04-15 22:00:00,0.0,0.0,2024-04-15,22
2024-04-15 23:00:00,0.0,0.0,2024-04-15,23
2024-04-16 00:00:00,0.0,0.0,2024-04-16,0
2024-04-16 01:00:00,0.0,0.0,2024-04-16,1
2024-04-16 02:00:00,0.0,0.0,2024-04-16,2
2024-04-16 03:00:00,0.0,0.0,2024-04-16,3
2024-04-16 04:00:00,0.0,0.0,2024-04-16,4
2024-04-16 05:00:00,0.04090991,0.01167288,2024-04-16,5
2024-04-16 06:00:00,0.2133927,0.1886031,2024-04-16,6
2024-04-16 07:00:00,0.4005847,0.3841806,2024-04-16,7
2024-04-16 08:00:00,0.495674,0.4877957,2024-04-16,8
2024-04-16 09:00:00,0.7987032,0.8036851,2024-04-16,9
2024-04-16 10:00:00,0.6651139,0.6636233,2024-04-16,10
2024-04-16 11:00:00,0.8268187,0.8359095,2024-04-16,11
2024-04-16 12:00:00,0.9917784,1.008772,2024-04-16,12
2024-04-16 13:00:00,0.8738197,0.8826294,2024-04-16,13
2024-04-16 14:00:00,0.769991,0.7672368,2024-04-16,14
2024-04-16 15:00:00,0.5097002,0.4929556,2024-04-16,15
2024-04-16 16:00:00,0.1969803,0.1864104,2024-04-16,16
2024-04-16 17:00:00,0.06857887,0.04620291,2024-04-16,17
2024-04-16 18:00:00,0.0,0.0,2024-04-16,18
2024-04-16 19:00:00,0.0,0.0,2024-04-16,19
2024-04-16 20:00:00,0.0,0.0,2024-04-16,20
2024-04-16 21:00:00,0.0,0.0,2024-04-16,21
2024-04-16 22:00:00,0.0,0.0,2024-04-16,22
2024-04-16 23:00:00,0.0,0.0,2024-04-16,23
2024-04-17 00:00:00,0.0,0.0,2024-04-17,0
2024-04-17 01:00:00,0.0,0.0,2024-04-17,1
2024-04-17 02:00:00,0.0,0.0,2024-04-17,2
2024-04-17 03:00:00,0.0,0.0,2024-04-17,3
2024-04-17 04:00:00,0.0,0.0,2024-04-17,4
2024-04-17 05:00:00,0.02893554,0.0217518,2024-04-17,5
2024-04-17 06:00:00,0.1398938,0.1327621,2024-04-17,6
2024-04-17 07:00:00,0.3361389,0.3235134,2024-04-17,7
2024-04-17 08:00:00,0.6392911,0.6308185,2024-04-17,8
2024-04-17 09:00:00,0.780886,0.7832746,2024-04-17,9
2024-04-17 10:00:00,0.7478381,0.7503416,2024-04-17,10
2024-04-17 11:00:00,1.057036,1.074634,2024-04-17,11
2024-04-17 12:00:00,0.7027509,0.7023122,2024-04-17,12
2024-04-17 13:00:00,0.6180439,0.6138989,2024-04-17,13
2024-04-17 14:00:00,0.3555821,0.3470364,2024-04-17,14
2024-04-17 15:00:00,0.2561841,0.2488558,2024-04-17,15
2024-04-17 16:00:00,0.1797492,0.1711959,2024-04-17,16
2024-04-17 17:00:00,0.06400851,0.04679022,2024-04-17,17
2024-04-17 18:00:00,0.0,0.0,2024-04-17,18
2024-04-17 19:00:00,0.0,0.0,2024-04-17,19
2024-04-17 20:00:00,0.0,0.0,2024-04-17,20
2024-04-17 21:00:00,0.0,0.0,2024-04-17,21
2024-04-17 22:00:00,0.0,0.0,2024-04-17,22
2024-04-17 23:00:00,0.0,0.0,2024-04-17,23
2024-04-18 00:00:00,0.0,0.0,2024-04-18,0
2024-04-18 01:00:00,0.0,0.0,2024-04-18,1
2024-04-18 02:00:00,0.0,0.0,2024-04-18,2
2024-04-18 03:00:00,0.0,0.0,2024-04-18,3
2024-04-18 04:00:00,0.0,0.0,2024-04-18,4
2024-04-18 05:00:00,0.02943055,0.02270453,2024-04-18,5
2024-04-18 06:00:00,0.08152273,0.07892785,2024-04-18,6
2024-04-18 07:00:00,0.08563495,0.08315729,2024-04-18,7
2024-04-18 08:00:00,0.1990538,0.1934709,2024-04-18,8
2024-04-18 09:00:00,0.2867073,0.2789457,2024-04-18,9
2024-04-18 10:00:00,0.1555328,0.1511675,2024-04-18,10
2024-04-18 11:00:00,0.1364383,0.1325931,2024-04-18,11
2024-04-18 12:00:00,0.2039102,0.198246,2024-04-18,12
2024-04-18 13:00:00,0.137812,0.1339282,2024-04-18,13
2024-04-18 14:00:00,0.1807933,0.1757219,2024-04-18,14
2024-04-18 15:00:00,0.2240241,0.2175788,2024-04-18,15
2024-04-18 16:00:00,0.1492849,0.143631,2024-04-18,16
2024-04-18 17:00:00,0.01757751,0.01693027,2024-04-18,17
2024-04-18 18:00:00,0.0,0.0,2024-04-18,18
2024-04-18 19:00:00,0.0,0.0,2024-04-18,19
2024-04-18 20:00:00,0.0,0.0,2024-04-18,20
2024-04-18 21:00:00,0.0,0.0,2024-04-18,21
2024-04-18 22:00:00,0.0,0.0,2024-04-18,22
2024-04-18 23:00:00,0.0,0.0,2024-04-18,23
2024-04-19 00:00:00,0.0,0.0,2024-04-19,0
2024-04-19 01:00:00,0.0,0.0,2024-04-19,1
2024-04-19 02:00:00,0.0,0.0,2024-04-19,2
2024-04-19 03:00:00,0.0,0.0,2024-04-19,3
2024-04-19 04:00:00,0.0,0.0,2024-04-19,4
2024-04-19 05:00:00,0.0319472,0.02357095,2024-04-19,5
2024-04-19 06:00:00,0.2558789,0.215507,2024-04-19,6
2024-04-19 07:00:00,0.5484005,0.5162355,2024-04-19,7
2024-04-19 08:00:00,0.7466651,0.7328176,2024-04-19,8
2024-04-19 09:00:00,0.8863155,0.886277,2024-04-19,9
2024-04-19 10:00:00,1.043606,1.053053,2024-04-19,10
2024-04-19 11:00:00,1.018984,1.03094,2024-04-19,11
2024-04-19 12:00:00,1.053689,1.064426,2024-04-19,12
2024-04-19 13:00:00,1.023345,1.026455,2024-04-19,13
2024-04-19 14:00:00,0.8133587,0.802833,2024-04-19,14
2024-04-19 15:00:00,0.6207582,0.5921045,2024-04-19,15
2024-04-19 16:00:00,0.2968338,0.2618923,2024-04-19,16
2024-04-19 17:00:00,0.06870565,0.04682037,2024-04-19,17
2024-04-19 18:00:00,0.0,0.0,2024-04-19,18
2024-04-19 19:00:00,0.0,0.0,2024-04-19,19
2024-04-19 20:00:00,0.0,0.0,2024-04-19,20
2024-04-19 21:00:00,0.0,0.0,2024-04-19,21
2024-04-19 22:00:00,0.0,0.0,2024-04-19,22
2024-04-19 23:00:00,0.0,0.0,2024-04-19,23
2024-04-20 00:00:00,0.0,0.0,2024-04-20,0
2024-04-20 01:00:00,0.0,0.0,2024-04-20,1
2024-04-20 02:00:00,0.0,0.0,2024-04-20,2
2024-04-20 03:00:00,0.0,0.0,2024-04-20,3
2024-04-20 04:00:00,0.0,0.0,2024-04-20,4
2024-04-20 05:00:00,0.06100186,0.004290948,2024-04-20,5
2024-04-20 06:00:00,0.2231651,0.1935112,2024-04-20,6
2024-04-20 07:00:00,0.3087237,0.2967192,2024-04-20,7
2024-04-20 08:00:00,0.4493678,0.4386097,2024-04-20,8
2024-04-20 09:00:00,0.9601378,0.9578183,2024-04-20,9
2024-04-20 10:00:00,1.016585,1.023276,2024-04-20,10
2024-04-20 11:00:00,0.789,0.7897128,2024-04-20,11
2024-04-20 12:00:00,0.870745,0.8747994,2024-04-20,12
2024-04-20 13:00:00,0.8917354,0.8916296,2024-04-20,13
2024-04-20 14:00:00,0.3657283,0.356526,2024-04-20,14
2024-04-20 15:00:00,0.4986705,0.4750747,2024-04-20,15
2024-04-20 16:00:00,0.2894427,0.2549298,2024-04-20,16
2024-04-20 17:00:00,0.06801838,0.04722617,2024-04-20,17
2024-04-20 18:00:00,0.0,0.0,2024-04-20,18
2024-04-20 19:00:00,0.0,0.0,2024-04-20,19
2024-04-20 20:00:00,0.0,0.0,2024-04-20,20
2024-04-20 21:00:00,0.0,0.0,2024-04-20,21
2024-04-20 22:00:00,0.0,0.0,2024-04-20,22
2024-04-20 23:00:00,0.0,0.0,2024-04-20,23
2024-04-21 00:00:00,0.0,0.0,2024-04-21,0
2024-04-21 01:00:00,0.0,0.0,2024-04-21,1
2024-04-21 02:00:00,0.0,0.0,2024-04-21,2
2024-04-21 03:00:00,0.0,0.0,2024-04-21,3
2024-04-21 04:00:00,0.0,0.0,2024-04-21,4
2024-04-21 05:00:00,0.04383643,0.02050241,2024-04-21,5
2024-04-21 06:00:00,0.1020417,0.09851059,2024-04-21,6
2024-04-21 07:00:00,0.1531518,0.1486584,2024-04-21,7
2024-04-21 08:00:00,0.1618841,0.1572891,2024-04-21,8
2024-04-21 09:00:00,0.5798594,0.571063,2024-04-21,9
2024-04-21 10:00:00,0.8922195,0.8944811,2024-04-21,10
2024-04-21 11:00:00,0.7696011,0.7680354,2024-04-21,11
2024-04-21 12:00:00,0.5802842,0.5714718,2024-04-21,12
2024-04-21 13:00:00,0.6550249,0.6481446,2024-04-21,13
2024-04-21 14:00:00,0.5436273,0.5320466,2024-04-21,14
2024-04-21 15:00:00,0.3267484,0.315314,2024-04-21,15
2024-04-21 16:00:00,0.2524727,0.2270869,2024-04-21,16
2024-04-21 17:00:00,0.07285891,0.04652208,2024-04-21,17
2024-04-21 18:00:00,0.0,0.0,2024-04-21,18
2024-04-21 19:00:00,0.0,0.0,2024-04-21,19
2024-04-21 20:00:00,0.0,0.0,2024-04-21,20
2024-04-21 21:00:00,0.0,0.0,2024-04-21,21
2024-04-21 22:00:00,0.0,0.0,2024-04-21,22
2024-04-21 23:00:00,0.0,0.0,2024-04-21,23
2024-04-22 00:00:00,0.0,0.0,2024-04-22,0
2024-04-22 01:00:00,0.0,0.0,2024-04-22,1
2024-04-22 02:00:00,0.0,0.0,2024-04-22,2
2024-04-22 03:00:00,0.0,0.0,2024-04-22,3
2024-04-22 04:00:00,0.0,0.0,2024-04-22,4
2024-04-22 05:00:00,0.05127049,0.01552576,2024-04-22,5
2024-04-22 06:00:00,0.1489233,0.1403915,2024-04-22,6
2024-04-22 07:00:00,0.3037715,0.2915031,2024-04-22,7
2024-04-22 08:00:00,0.7093305,0.6898614,2024-04-22,8
2024-04-22 09:00:00,0.8855674,0.8787522,2024-04-22,9
2024-04-22 10:00:00,0.9808519,0.9825835,2024-04-22,10
2024-04-22 11:00:00,0.801531,0.8000674,2024-04-22,11
2024-04-22 12:00:00,0.9883822,0.9911878,2024-04-22,12
2024-04-22 13:00:00,0.8781588,0.873496,2024-04-22,13
2024-04-22 14:00:00,0.7435206,0.7270774,2024-04-22,14
2024-04-22 15:00:00,0.446252,0.4241723,2024-04-22,15
2024-04-22 16:00:00,0.2419145,0.2187112,2024-04-22,16
2024-04-22 17:00:00,0.09566114,0.03785506,2024-04-22,17
2024-04-22 18:00:00,0.0,0.0,2024-04-22,18
2024-04-22 19:00:00,0.0,0.0,2024-04-22,19
2024-04-22 20:00:00,0.0,0.0,2024-04-22,20
2024-04-22 21:00:00,0.0,0.0,2024-04-22,21
2024-04-22 22:00:00,0.0,0.0,2024-04-22,22
2024-04-22 23:00:00,0.0,0.0,2024-04-22,23
2024-04-23 00:00:00,0.0,0.0,2024-04-23,0
2024-04-23 01:00:00,0.0,0.0,2024-04-23,1
2024-04-23 02:00:00,0.0,0.0,2024-04-23,2
2024-04-23 03:00:00,0.0,0.0,2024-04-23,3
2024-04-23 04:00:00,0.0,0.0,2024-04-23,4
2024-04-23 05:00:00,0.04855564,0.02066386,2024-04-23,5
2024-04-23 06:00:00,0.3021841,0.2440314,2024-04-23,6
2024-04-23 07:00:00,0.5267321,0.4881283,2024-04-23,7
2024-04-23 08:00:00,0.7505834,0.7277585,2024-04-23,8
2024-04-23 09:00:00,0.8804747,0.8714982,2024-04-23,9
2024-04-23 10:00:00,1.023719,1.023376,2024-04-23,10
2024-04-23 11:00:00,1.037057,1.039997,2024-04-23,11
2024-04-23 12:00:00,0.9705408,0.97092,2024-04-23,12
2024-04-23 13:00:00,0.8473875,0.840502,2024-04-23,13
2024-04-23 14:00:00,0.8170425,0.7965647,2024-04-23,14
2024-04-23 15:00:00,0.6336744,0.5943318,2024-04-23,15
2024-04-23 16:00:00,0.3989752,0.3362895,2024-04-23,16
2024-04-23 17:00:00,0.1191139,0.03748543,2024-04-23,17
2024-04-23 18:00:00,0.0,0.0,2024-04-23,18
2024-04-23 19:00:00,0.0,0.0,2024-04-23,19
2024-04-23 20:00:00,0.0,0.0,2024-04-23,20
2024-04-23 21:00:00,0.0,0.0,2024-04-23,21
2024-04-23 22:00:00,0.0,0.0,2024-04-23,22
2024-04-23 23:00:00,0.0,0.0,2024-04-23,23
2024-04-24 00:00:00,0.0,0.0,2024-04-24,0
2024-04-24 01:00:00,0.0,0.0,2024-04-24,1
2024-04-24 02:00:00,0.0,0.0,2024-04-24,2
2024-04-24 03:00:00,0.0,0.0,2024-04-24,3
2024-04-24 04:00:00,0.0,0.0,2024-04-24,4
2024-04-24 05:00:00,0.0406232,0.0277671,2024-04-24,5
2024-04-24 06:00:00,0.247282,0.2067562,2024-04-24,6
2024-04-24 07:00:00,0.4013606,0.3767029,2024-04-24,7
2024-04-24 08:00:00,0.6909286,0.6681648,2024-04-24,8
2024-04-24 09:00:00,0.8937041,0.882454,2024-04-24,9
2024-04-24 10:00:00,0.8858615,0.8822537,2024-04-24,10
2024-04-24 11:00:00,1.005445,1.005876,2024-04-24,11
2024-04-24 12:00:00,1.049313,1.047792,2024-04-24,12
2024-04-24 13:00:00,0.9434121,0.9340345,2024-04-24,13
2024-04-24 14:00:00,0.7605351,0.7392879,2024-04-24,14
2024-04-24 15:00:00,0.555167,0.5192448,2024-04-24,15
2024-04-24 16:00:00,0.3048641,0.2604,2024-04-24,16
2024-04-24 17:00:00,0.08697114,0.04183983,2024-04-24,17
2024-04-24 18:00:00,0.0,0.0,2024-04-24,18
2024-04-24 19:00:00,0.0,0.0,2024-04-24,19
2024-04-24 20:00:00,0.0,0.0,2024-04-24,20
2024-04-24 21:00:00,0.0,0.0,2024-04-24,21
2024-04-24 22:00:00,0.0,0.0,2024-04-24,22
2024-04-24 23:00:00,0.0,0.0,2024-04-24,23
2024-04-25 00:00:00,0.0,0.0,2024-04-25,0
2024-04-25 01:00:00,0.0,0.0,2024-04-25,1
2024-04-25 02:00:00,0.0,0.0,2024-04-25,2
2024-04-25 03:00:00,0.0,0.0,2024-04-25,3
2024-04-25 04:00:00,0.0,0.0,2024-04-25,4
2024-04-25 05:00:00,0.06501751,0.009271991,2024-04-25,5
2024-04-25 06:00:00,0.2496604,0.2077097,2024-04-25,6
2024-04-25 07:00:00,0.4383057,0.4073475,2024-04-25,7
2024-04-25 08:00:00,0.3807401,0.3697889,2024-04-25,8
2024-04-25 09:00:00,0.3457119,0.3364293,2024-04-25,9
2024-04-25 10:00:00,0.4860756,0.4750329,2024-04-25,10
2024-04-25 11:00:00,0.6882168,0.6796035,2024-04-25,11
2024-04-25 12:00:00,0.8065613,0.8003643,2024-04-25,12
2024-04-25 13:00:00,0.5431957,0.5318761,2024-04-25,13
2024-04-25 14:00:00,0.5847761,0.5677722,2024-04-25,14
2024-04-25 15:00:00,0.3470776,0.3323424,2024-04-25,15
2024-04-25 16:00:00,0.1402149,0.1348566,2024-04-25,16
2024-04-25 17:00:00,0.02927679,0.02800013,2024-04-25,17
2024-04-25 18:00:00,0.0,0.0,2024-04-25,18
2024-04-25 19:00:00,0.0,0.0,2024-04-25,19
2024-04-25 20:00:00,0.0,0.0,2024-04-25,20
2024-04-25 21:00:00,0.0,0.0,2024-04-25,21
2024-04-25 22:00:00,0.0,0.0,2024-04-25,22
2024-04-25 23:00:00,0.0,0.0,2024-04-25,23
2024-04-26 00:00:00,0.0,0.0,2024-04-26,0
2024-04-26 01:00:00,0.0,0.0,2024-04-26,1
2024-04-26 02:00:00,0.0,0.0,2024-04-26,2
2024-04-26 03:00:00,0.0,0.0,2024-04-26,3
2024-04-26 04:00:00,0.0,0.0,2024-04-26,4
2024-04-26 05:00:00,0.04698279,0.02793226,2024-04-26,5
2024-04-26 06:00:00,0.2332751,0.1979078,2024-04-26,6
2024-04-26 07:00:00,0.4396269,0.407347,2024-04-26,7
2024-04-26 08:00:00,0.5570838,0.537743,2024-04-26,8
2024-04-26 09:00:00,0.795361,0.7811942,2024-04-26,9
2024-04-26 10:00:00,1.053368,1.04605,2024-04-26,10
2024-04-26 11:00:00,1.068087,1.064274,2024-04-26,11
2024-04-26 12:00:00,1.027924,1.021828,2024-04-26,12
2024-04-26 13:00:00,0.9084605,0.8949655,2024-04-26,13
2024-04-26 14:00:00,0.7694774,0.7435936,2024-04-26,14
2024-04-26 15:00:00,0.608934,0.5644168,2024-04-26,15
2024-04-26 16:00:00,0.27876,0.2404533,2024-04-26,16
2024-04-26 17:00:00,0.08688694,0.04282059,2024-04-26,17
2024-04-26 18:00:00,0.0,0.0,2024-04-26,18
2024-04-26 19:00:00,0.0,0.0,2024-04-26,19
2024-04-26 20:00:00,0.0,0.0,2024-04-26,20
2024-04-26 21:00:00,0.0,0.0,2024-04-26,21
2024-04-26 22:00:00,0.0,0.0,2024-04-26,22
2024-04-26 23:00:00,0.0,0.0,2024-04-26,23
2024-04-27 00:00:00,0.0,0.0,2024-04-27,0
2024-04-27 01:00:00,0.0,0.0,2024-04-27,1
2024-04-27 02:00:00,0.0,0.0,2024-04-27,2
2024-04-27 03:00:00,0.0,0.0,2024-04-27,3
2024-04-27 04:00:00,0.0,0.0,2024-04-27,4
2024-04-27 05:00:00,0.03698139,0.03069013,2024-04-27,5
2024-04-27 06:00:00,0.1249008,0.119674,2024-04-27,6
2024-04-27 07:00:00,0.157981,0.1532532,2024-04-27,7
2024-04-27 08:00:00,0.2580726,0.2506743,2024-04-27,8
2024-04-27 09:00:00,0.5228961,0.5104894,2024-04-27,9
2024-04-27 10:00:00,0.4681497,0.4568408,2024-04-27,10
2024-04-27 11:00:00,0.3903698,0.3800649,2024-04-27,11
2024-04-27 12:00:00,0.5568762,0.5452617,2024-04-27,12
2024-04-27 13:00:00,0.4991033,0.4872347,2024-04-27,13
2024-04-27 14:00:00,0.3969342,0.3854866,2024-04-27,14
2024-04-27 15:00:00,0.4487917,0.4203355,2024-04-27,15
2024-04-27 16:00:00,0.273789,0.2363091,2024-04-27,16
2024-04-27 17:00:00,0.09899025,0.0369141,2024-04-27,17
2024-04-27 18:00:00,0.0,0.0,2024-04-27,18
2024-04-27 19:00:00,0.0,0.0,2024-04-27,19
2024-04-27 20:00:00,0.0,0.0,2024-04-27,20
2024-04-27 21:00:00,0.0,0.0,2024-04-27,21
2024-04-27 22:00:00,0.0,0.0,2024-04-27,22
2024-04-27 23:00:00,0.0,0.0,2024-04-27,23
2024-04-28 00:00:00,0.0,0.0,2024-04-28,0
2024-04-28 01:00:00,0.0,0.0,2024-04-28,1
2024-04-28 02:00:00,0.0,0.0,2024-04-28,2
2024-04-28 03:00:00,0.0,0.0,2024-04-28,3
2024-04-28 04:00:00,0.0,0.0,2024-04-28,4
2024-04-28 05:00:00,0.03413853,0.03009047,2024-04-28,5
2024-04-28 06:00:00,0.2185986,0.1891502,2024-04-28,6
2024-04-28 07:00:00,0.2141972,0.2072455,2024-04-28,7
2024-04-28 08:00:00,0.1662595,0.1614777,2024-04-28,8
2024-04-28 09:00:00,0.624129,0.6096553,2024-04-28,9
2024-04-28 10:00:00,0.8337603,0.8228899,2024-04-28,10
2024-04-28 11:00:00,0.9169373,0.908722,2024-04-28,11
2024-04-28 12:00:00,1.05148,1.040745,2024-04-28,12
2024-04-28 13:00:00,0.9144282,0.8965619,2024-04-28,13
2024-04-28 14:00:00,0.7896589,0.7586827,2024-04-28,14
2024-04-28 15:00:00,0.6197433,0.5699264,2024-04-28,15
2024-04-28 16:00:00,0.3089504,0.2578021,2024-04-28,16
2024-04-28 17:00:00,0.0809732,0.04707855,2024-04-28,17
2024-04-28 18:00:00,0.0,0.0,2024-04-28,18
2024-04-28 19:00:00,0.0,0.0,2024-04-28,19
2024-04-28 20:00:00,0.0,0.0,2024-04-28,20
2024-04-28 21:00:00,0.0,0.0,2024-04-28,21
2024-04-28 22:00:00,0.0,0.0,2024-04-28,22
2024-04-28 23:00:00,0.0,0.0,2024-04-28,23
2024-04-29 00:00:00,0.0,0.0,2024-04-29,0
2024-04-29 01:00:00,0.0,0.0,2024-04-29,1
2024-04-29 02:00:00,0.0,0.0,2024-04-29,2
2024-04-29 03:00:00,0.0,0.0,2024-04-29,3
2024-04-29 04:00:00,0.0,0.0,2024-04-29,4
2024-04-29 05:00:00,0.01572544,0.01504855,2024-04-29,5
2024-04-29 06:00:00,0.1275068,0.1220405,2024-04-29,6
2024-04-29 07:00:00,0.2249279,0.2173664,2024-04-29,7
2024-04-29 08:00:00,0.688061,0.6564807,2024-04-29,8
2024-04-29 09:00:00,0.5629733,0.5489087,2024-04-29,9
2024-04-29 10:00:00,0.7120027,0.6995215,2024-04-29,10
2024-04-29 11:00:00,0.820506,0.8100017,2024-04-29,11
2024-04-29 12:00:00,0.7259865,0.713878,2024-04-29,12
2024-04-29 13:00:00,0.5658666,0.5522683,2024-04-29,13
2024-04-29 14:00:00,0.5598953,0.5397508,2024-04-29,14
2024-04-29 15:00:00,0.2478261,0.2395695,2024-04-29,15
2024-04-29 16:00:00,0.225502,0.203593,2024-04-29,16
2024-04-29 17:00:00,0.05802507,0.04928309,2024-04-29,17
2024-04-29 18:00:00,4.65805e-07,0.0,2024-04-29,18
2024-04-29 19:00:00,0.0,0.0,2024-04-29,19
2024-04-29 20:00:00,0.0,0.0,2024-04-29,20
2024-04-29 21:00:00,0.0,0.0,2024-04-29,21
2024-04-29 22:00:00,0.0,0.0,2024-04-29,22
2024-04-29 23:00:00,0.0,0.0,2024-04-29,23
2024-04-30 00:00:00,0.0,0.0,2024-04-30,0
2024-04-30 01:00:00,0.0,0.0,2024-04-30,1
2024-04-30 02:00:00,0.0,0.0,2024-04-30,2
2024-04-30 03:00:00,0.0,0.0,2024-04-30,3
2024-04-30 04:00:00,0.0,0.0,2024-04-30,4
2024-04-30 05:00:00,0.07232759,0.01318614,2024-04-30,5
2024-04-30 06:00:00,0.3276902,0.2536119,2024-04-30,6
2024-04-30 07:00:00,0.4776346,0.4344205,2024-04-30,7
2024-04-30 08:00:00,0.6821364,0.649271,2024-04-30,8
2024-04-30 09:00:00,0.8374421,0.8153237,2024-04-30,9
2024-04-30 10:00:00,1.007646,0.9920595,2024-04-30,10
2024-04-30 11:00:00,1.177865,1.164102,2024-04-30,11
2024-04-30 12:00:00,1.022475,1.007719,2024-04-30,12
2024-04-30 13:00:00,0.9668823,0.9435771,2024-04-30,13
2024-04-30 14:00:00,0.843225,0.8054855,2024-04-30,14
2024-04-30 15:00:00,0.5681877,0.5192122,2024-04-30,15
2024-04-30 16:00:00,0.3891428,0.3134734,2024-04-30,16
2024-04-30 17:00:00,0.1025187,0.03632519,2024-04-30,17
2024-04-30 18:00:00,9.28128e-06,0.0,2024-04-30,18
2024-04-30 19:00:00,0.0,0.0,2024-04-30,19
2024-04-30 20:00:00,0.0,0.0,2024-04-30,20
2024-04-30 21:00:00,0.0,0.0,2024-04-30,21
2024-04-30 22:00:00,0.0,0.0,2024-04-30,22
2024-04-30 23:00:00,0.0,0.0,2024-04-30,23
2024-05-01 00:00:00,0.0,0.0,2024-05-01,0
2024-05-01 01:00:00,0.0,0.0,2024-05-01,1
2024-05-01 02:00:00,0.0,0.0,2024-05-01,2
2024-05-01 03:00:00,0.0,0.0,2024-05-01,3
2024-05-01 04:00:00,0.0,0.0,2024-05-01,4
2024-05-01 05:00:00,0.05605305,0.03084227,2024-05-01,5
2024-05-01 06:00:00,0.3316309,0.2552011,2024-05-01,6
2024-05-01 07:00:00,0.5861989,0.5268133,2024-05-01,7
2024-05-01 08:00:00,0.7424436,0.7039247,2024-05-01,8
2024-05-01 09:00:00,0.7795898,0.7575794,2024-05-01,9
2024-05-01 10:00:00,0.9361379,0.9195929,2024-05-01,10
2024-05-01 11:00:00,0.997342,0.9834108,2024-05-01,11
2024-05-01 12:00:00,1.062123,1.044653,2024-05-01,12
2024-05-01 13:00:00,0.9115954,0.8876045,2024-05-01,13
2024-05-01 14:00:00,0.6889838,0.6576537,2024-05-01,14
2024-05-01 15:00:00,0.5494108,0.5009095,2024-05-01,15
2024-05-01 16:00:00,0.3277468,0.2662266,2024-05-01,16
2024-05-01 17:00:00,0.1247732,0.03121847,2024-05-01,17
2024-05-01 18:00:00,3.39694e-05,0.0,2024-05-01,18
2024-05-01 19:00:00,0.0,0.0,2024-05-01,19
2024-05-01 20:00:00,0.0,0.0,2024-05-01,20
2024-05-01 21:00:00,0.0,0.0,2024-05-01,21
2024-05-01 22:00:00,0.0,0.0,2024-05-01,22
2024-05-01 23:00:00,0.0,0.0,2024-05-01,23
2024-05-02 00:00:00,0.0,0.0,2024-05-02,0
2024-05-02 01:00:00,0.0,0.0,2024-05-02,1
2024-05-02 02:00:00,0.0,0.0,2024-05-02,2
2024-05-02 03:00:00,0.0,0.0,2024-05-02,3
2024-05-02 04:00:00,0.0,0.0,2024-05-02,4
2024-05-02 05:00:00,0.04632955,0.03564939,2024-05-02,5
2024-05-02 06:00:00,0.1241277,0.1190268,2024-05-02,6
2024-05-02 07:00:00,0.1928945,0.1868066,2024-05-02,7
2024-05-02 08:00:00,0.4743449,0.4559206,2024-05-02,8
2024-05-02 09:00:00,0.6925112,0.6722621,2024-05-02,9
2024-05-02 10:00:00,0.9748715,0.9558294,2024-05-02,10
2024-05-02 11:00:00,0.6640164,0.6502113,2024-05-02,11
2024-05-02 12:00:00,0.8241313,0.8081334,2024-05-02,12
2024-05-02 13:00:00,0.7561546,0.7351299,2024-05-02,13
2024-05-02 14:00:00,0.7196667,0.6845697,2024-05-02,14
2024-05-02 15:00:00,0.4744357,0.4360239,2024-05-02,15
2024-05-02 16:00:00,0.2682443,0.2290657,2024-05-02,16
2024-05-02 17:00:00,0.1116707,0.03292477,2024-05-02,17
2024-05-02 18:00:00,7.52253e-05,0.0,2024-05-02,18
2024-05-02 19:00:00,0.0,0.0,2024-05-02,19
2024-05-02 20:00:00,0.0,0.0,2024-05-02,20
2024-05-02 21:00:00,0.0,0.0,2024-05-02,21
2024-05-02 22:00:00,0.0,0.0,2024-05-02,22
2024-05-02 23:00:00,0.0,0.0,2024-05-02,23
2024-05-03 00:00:00,0.0,0.0,2024-05-03,0
2024-05-03 01:00:00,0.0,0.0,2024-05-03,1
2024-05-03 02:00:00,0.0,0.0,2024-05-03,2
2024-05-03 03:00:00,0.0,0.0,2024-05-03,3
2024-05-03 04:00:00,0.0,0.0,2024-05-03,4
2024-05-03 05:00:00,0.08826282,0.007175515,2024-05-03,5
2024-05-03 06:00:00,0.1517551,0.14299,2024-05-03,6
2024-05-03 07:00:00,0.3878539,0.3590373,2024-05-03,7
2024-05-03 08:00:00,0.3546906,0.3433737,2024-05-03,8
2024-05-03 09:00:00,0.3303128,0.3209966,2024-05-03,9
2024-05-03 10:00:00,0.3671236,0.3570157,2024-05-03,10
2024-05-03 11:00:00,0.2038741,0.1980995,2024-05-03,11
2024-05-03 12:00:00,0.5071653,0.4942802,2024-05-03,12
2024-05-03 13:00:00,0.5064621,0.4925067,2024-05-03,13
2024-05-03 14:00:00,0.6078151,0.579896,2024-05-03,14
2024-05-03 15:00:00,0.3927488,0.3677215,2024-05-03,15
2024-05-03 16:00:00,0.2714881,0.2302974,2024-05-03,16
2024-05-03 17:00:00,0.0865044,0.04816517,2024-05-03,17
2024-05-03 18:00:00,8.93411e-05,0.0,2024-05-03,18
2024-05-03 19:00:00,0.0,0.0,2024-05-03,19
2024-05-03 20:00:00,0.0,0.0,2024-05-03,20
2024-05-03 21:00:00,0.0,0.0,2024-05-03,21
2024-05-03 22:00:00,0.0,0.0,2024-05-03,22
2024-05-03 23:00:00,0.0,0.0,2024-05-03,23
2024-05-04 00:00:00,0.0,0.0,2024-05-04,0
2024-05-04 01:00:00,0.0,0.0,2024-05-04,1
2024-05-04 02:00:00,0.0,0.0,2024-05-04,2
2024-05-04 03:00:00,0.0,0.0,2024-05-04,3
2024-05-04 04:00:00,0.0,0.0,2024-05-04,4
2024-05-04 05:00:00,0.0745649,0.01963744,2024-05-04,5
2024-05-04 06:00:00,0.2236992,0.1915642,2024-05-04,6
2024-05-04 07:00:00,0.2303774,0.2222468,2024-05-04,7
2024-05-04 08:00:00,0.2571924,0.2496201,2024-05-04,8
2024-05-04 09:00:00,0.4100797,0.3984817,2024-05-04,9
2024-05-04 10:00:00,0.6892913,0.6727074,2024-05-04,10
2024-05-04 11:00:00,0.7620525,0.7459143,2024-05-04,11
2024-05-04 12:00:00,0.5106432,0.4974867,2024-05-04,12
2024-05-04 13:00:00,0.250382,0.2432523,2024-05-04,13
2024-05-04 14:00:00,0.1972488,0.1915301,2024-05-04,14
2024-05-04 15:00:00,0.1715388,0.1663454,2024-05-04,15
2024-05-04 16:00:00,0.2120734,0.1929391,2024-05-04,16
2024-05-04 17:00:00,0.02037393,0.01959229,2024-05-04,17
2024-05-04 18:00:00,0.000114348,0.0,2024-05-04,18
2024-05-04 19:00:00,0.0,0.0,2024-05-04,19
2024-05-04 20:00:00,0.0,0.0,2024-05-04,20
2024-05-04 21:00:00,0.0,0.0,2024-05-04,21
2024-05-04 22:00:00,0.0,0.0,2024-05-04,22
2024-05-04 23:00:00,0.0,0.0,2024-05-04,23
2024-05-05 00:00:00,0.0,0.0,2024-05-05,0
2024-05-05 01:00:00,0.0,0.0,2024-05-05,1
2024-05-05 02:00:00,0.0,0.0,2024-05-05,2
2024-05-05 03:00:00,0.0,0.0,2024-05-05,3
2024-05-05 04:00:00,0.0,0.0,2024-05-05,4
2024-05-05 05:00:00,0.08145642,0.01493904,2024-05-05,5
2024-05-05 06:00:00,0.2619767,0.2106612,2024-05-05,6
2024-05-05 07:00:00,0.3500618,0.3274648,2024-05-05,7
2024-05-05 08:00:00,0.5319776,0.5065606,2024-05-05,8
2024-05-05 09:00:00,0.4074608,0.3958254,2024-05-05,9
2024-05-05 10:00:00,0.2721987,0.2644978,2024-05-05,10
2024-05-05 11:00:00,0.6036711,0.5889722,2024-05-05,11
2024-05-05 12:00:00,0.2252766,0.2188845,2024-05-05,12
2024-05-05 13:00:00,0.5789477,0.5617169,2024-05-05,13
2024-05-05 14:00:00,0.5206837,0.4985589,2024-05-05,14
2024-05-05 15:00:00,0.3619912,0.3409004,2024-05-05,15
2024-05-05 16:00:00,0.2660756,0.2260461,2024-05-05,16
2024-05-05 17:00:00,0.09040806,0.04774636,2024-05-05,17
2024-05-05 18:00:00,0.000237055,0.0,2024-05-05,18
2024-05-05 19:00:00,0.0,0.0,2024-05-05,19
2024-05-05 20:00:00,0.0,0.0,2024-05-05,20
2024-05-05 21:00:00,0.0,0.0,2024-05-05,21
2024-05-05 22:00:00,0.0,0.0,2024-05-05,22
2024-05-05 23:00:00,0.0,0.0,2024-05-05,23
2024-05-06 00:00:00,0.0,0.0,2024-05-06,0
2024-05-06 01:00:00,0.0,0.0,2024-05-06,1
2024-05-06 02:00:00,0.0,0.0,2024-05-06,2
2024-05-06 03:00:00,0.0,0.0,2024-05-06,3
2024-05-06 04:00:00,0.0,0.0,2024-05-06,4
2024-05-06 05:00:00,0.08699381,0.01203954,2024-05-06,5
2024-05-06 06:00:00,0.1595676,0.1493652,2024-05-06,6
2024-05-06 07:00:00,0.2347974,0.2262737,2024-05-06,7
2024-05-06 08:00:00,0.3274763,0.317122,2024-05-06,8
2024-05-06 09:00:00,0.5261397,0.5100123,2024-05-06,9
2024-05-06 10:00:00,0.4322039,0.4203841,2024-05-06,10
2024-05-06 11:00:00,0.5139999,0.5005952,2024-05-06,11
2024-05-06 12:00:00,0.7257341,0.7070919,2024-05-06,12
2024-05-06 13:00:00,0.3954965,0.384244,2024-05-06,13
2024-05-06 14:00:00,0.5271479,0.5037689,2024-05-06,14
2024-05-06 15:00:00,0.4725621,0.429934,2024-05-06,15
2024-05-06 16:00:00,0.2675562,0.2263466,2024-05-06,16
2024-05-06 17:00:00,0.07408497,0.0545186,2024-05-06,17
2024-05-06 18:00:00,0.000137376,0.0,2024-05-06,18
2024-05-06 19:00:00,0.0,0.0,2024-05-06,19
2024-05-06 20:00:00,0.0,0.0,2024-05-06,20
2024-05-06 21:00:00,0.0,0.0,2024-05-06,21
2024-05-06 22:00:00,0.0,0.0,2024-05-06,22
2024-05-06 23:00:00,0.0,0.0,2024-05-06,23
2024-05-07 00:00:00,0.0,0.0,2024-05-07,0
2024-05-07 01:00:00,0.0,0.0,2024-05-07,1
2024-05-07 02:00:00,0.0,0.0,2024-05-07,2
2024-05-07 03:00:00,0.0,0.0,2024-05-07,3
2024-05-07 04:00:00,0.0,0.0,2024-05-07,4
2024-05-07 05:00:00,0.09031487,0.01114747,2024-05-07,5
2024-05-07 06:00:00,0.05986944,0.05795882,2024-05-07,6
2024-05-07 07:00:00,0.3832979,0.3532735,2024-05-07,7
2024-05-07 08:00:00,0.6288106,0.5908597,2024-05-07,8
2024-05-07 09:00:00,0.6677121,0.6436622,2024-05-07,9
2024-05-07 10:00:00,0.4954198,0.4819313,2024-05-07,10
2024-05-07 11:00:00,0.5123876,0.4988339,2024-05-07,11
2024-05-07 12:00:00,0.4679962,0.4552537,2024-05-07,12
2024-05-07 13:00:00,0.5587579,0.541391,2024-05-07,13
2024-05-07 14:00:00,0.4384179,0.4219925,2024-05-07,14
2024-05-07 15:00:00,0.5252448,0.4711887,2024-05-07,15
2024-05-07 16:00:00,0.3558063,0.2769323,2024-05-07,16
2024-05-07 17:00:00,0.1210082,0.0311979,2024-05-07,17
2024-05-07 18:00:00,0.000416868,0.0,2024-05-07,18
2024-05-07 19:00:00,0.0,0.0,2024-05-07,19
2024-05-07 20:00:00,0.0,0.0,2024-05-07,20
2024-05-07 21:00:00,0.0,0.0,2024-05-07,21
2024-05-07 22:00:00,0.0,0.0,2024-05-07,22
2024-05-07 23:00:00,0.0,0.0,2024-05-07,23
2024-05-08 00:00:00,0.0,0.0,2024-05-08,0
2024-05-08 01:00:00,0.0,0.0,2024-05-08,1
2024-05-08 02:00:00,0.0,0.0,2024-05-08,2
2024-05-08 03:00:00,0.0,0.0,2024-05-08,3
2024-05-08 04:00:00,0.0,0.0,2024-05-08,4
2024-05-08 05:00:00,0.02632421,0.0250336,2024-05-08,5
2024-05-08 06:00:00,0.09961691,0.09616735,2024-05-08,6
2024-05-08 07:00:00,0.1471409,0.1426447,2024-05-08,7
2024-05-08 08:00:00,0.09285471,0.09015504,2024-05-08,8
2024-05-08 09:00:00,0.05228039,0.05076753,2024-05-08,9
2024-05-08 10:00:00,0.01084653,0.01053066,2024-05-08,10
2024-05-08 11:00:00,0.05431693,0.05274796,2024-05-08,11
2024-05-08 12:00:00,0.05342019,0.05187657,2024-05-08,12
2024-05-08 13:00:00,0.298151,0.2896113,2024-05-08,13
2024-05-08 14:00:00,0.135857,0.1319067,2024-05-08,14
2024-05-08 15:00:00,0.19563,0.1894902,2024-05-08,15
2024-05-08 16:00:00,0.09778336,0.09454711,2024-05-08,16
2024-05-08 17:00:00,0.06831304,0.05525012,2024-05-08,17
2024-05-08 18:00:00,0.000318474,0.0,2024-05-08,18
2024-05-08 19:00:00,0.0,0.0,2024-05-08,19
2024-05-08 20:00:00,0.0,0.0,2024-05-08,20
2024-05-08 21:00:00,0.0,0.0,2024-05-08,21
2024-05-08 22:00:00,0.0,0.0,2024-05-08,22
2024-05-08 23:00:00,0.0,0.0,2024-05-08,23
2024-05-09 00:00:00,0.0,0.0,2024-05-09,0
2024-05-09 01:00:00,0.0,0.0,2024-05-09,1
2024-05-09 02:00:00,0.0,0.0,2024-05-09,2
2024-05-09 03:00:00,0.0,0.0,2024-05-09,3
2024-05-09 04:00:00,0.0,0.0,2024-05-09,4
2024-05-09 05:00:00,0.04845399,0.0405659,2024-05-09,5
2024-05-09 06:00:00,0.17923,0.1641866,2024-05-09,6
2024-05-09 07:00:00,0.4658457,0.4151188,2024-05-09,7
2024-05-09 08:00:00,0.685147,0.6383662,2024-05-09,8
2024-05-09 09:00:00,0.6800902,0.6534368,2024-05-09,9
2024-05-09 10:00:00,0.7004122,0.6797024,2024-05-09,10
2024-05-09 11:00:00,1.06076,1.030476,2024-05-09,11
2024-05-09 12:00:00,1.022593,0.9902512,2024-05-09,12
2024-05-09 13:00:00,0.9485818,0.9079131,2024-05-09,13
2024-05-09 14:00:00,0.8492327,0.7925231,2024-05-09,14
2024-05-09 15:00:00,0.6419243,0.5678469,2024-05-09,15
2024-05-09 16:00:00,0.339849,0.264212,2024-05-09,16
2024-05-09 17:00:00,0.1142199,0.03583822,2024-05-09,17
2024-05-09 18:00:00,0.000476256,0.0,2024-05-09,18
2024-05-09 19:00:00,0.0,0.0,2024-05-09,19
2024-05-09 20:00:00,0.0,0.0,2024-05-09,20
2024-05-09 21:00:00,0.0,0.0,2024-05-09,21
2024-05-09 22:00:00,0.0,0.0,2024-05-09,22
2024-05-09 23:00:00,0.0,0.0,2024-05-09,23
2024-05-10 00:00:00,0.0,0.0,2024-05-10,0
2024-05-10 01:00:00,0.0,0.0,2024-05-10,1
2024-05-10 02:00:00,0.0,0.0,2024-05-10,2
2024-05-10 03:00:00,0.0,0.0,2024-05-10,3
2024-05-10 04:00:00,0.0,0.0,2024-05-10,4
2024-05-10 05:00:00,0.07544773,0.03087289,2024-05-10,5
2024-05-10 06:00:00,0.2016735,0.1789053,2024-05-10,6
2024-05-10 07:00:00,0.4210365,0.3804659,2024-05-10,7
2024-05-10 08:00:00,0.7583844,0.7030377,2024-05-10,8
2024-05-10 09:00:00,0.8784009,0.8373958,2024-05-10,9
2024-05-10 10:00:00,0.9198194,0.888682,2024-05-10,10
2024-05-10 11:00:00,0.8137593,0.7902339,2024-05-10,11
2024-05-10 12:00:00,0.9668775,0.9347907,2024-05-10,12
2024-05-10 13:00:00,0.8474292,0.8103064,2024-05-10,13
2024-05-10 14:00:00,0.6876436,0.6429201,2024-05-10,14
2024-05-10 15:00:00,0.4638678,0.4191704,2024-05-10,15
2024-05-10 16:00:00,0.218222,0.1961012,2024-05-10,16
2024-05-10 17:00:00,0.07432661,0.05685792,2024-05-10,17
2024-05-10 18:00:00,0.000371546,0.0,2024-05-10,18
2024-05-10 19:00:00,0.0,0.0,2024-05-10,19
2024-05-10 20:00:00,0.0,0.0,2024-05-10,20
2024-05-10 21:00:00,0.0,0.0,2024-05-10,21
2024-05-10 22:00:00,0.0,0.0,2024-05-10,22
2024-05-10 23:00:00,0.0,0.0,2024-05-10,23
2024-05-11 00:00:00,0.0,0.0,2024-05-11,0
2024-05-11 01:00:00,0.0,0.0,2024-05-11,1
2024-05-11 02:00:00,0.0,0.0,2024-05-11,2
2024-05-11 03:00:00,0.0,0.0,2024-05-11,3
2024-05-11 04:00:00,0.0,0.0,2024-05-11,4
2024-05-11 05:00:00,0.08869454,0.01921175,2024-05-11,5
2024-05-11 06:00:00,0.2825688,0.2180655,2024-05-11,6
2024-05-11 07:00:00,0.5281806,0.4615525,2024-05-11,7
2024-05-11 08:00:00,0.7644888,0.7070144,2024-05-11,8
2024-05-11 09:00:00,1.006509,0.9570834,2024-05-11,9
2024-05-11 10:00:00,1.068872,1.030275,2024-05-11,10
2024-05-11 11:00:00,0.9286074,0.8994856,2024-05-11,11
2024-05-11 12:00:00,1.055196,1.018148,2024-05-11,12
2024-05-11 13:00:00,0.9251321,0.8820812,2024-05-11,13
2024-05-11 14:00:00,0.7155432,0.6664615,2024-05-11,14
2024-05-11 15:00:00,0.5396762,0.4775825,2024-05-11,15
2024-05-11 16:00:00,0.312377,0.2468936,2024-05-11,16
2024-05-11 17:00:00,0.08867127,0.05439591,2024-05-11,17
2024-05-11 18:00:00,0.000775505,0.0,2024-05-11,18
2024-05-11 19:00:00,0.0,0.0,2024-05-11,19
2024-05-11 20:00:00,0.0,0.0,2024-05-11,20
2024-05-11 21:00:00,0.0,0.0,2024-05-11,21
2024-05-11 22:00:00,0.0,0.0,2024-05-11,22
2024-05-11 23:00:00,0.0,0.0,2024-05-11,23
2024-05-12 00:00:00,0.0,0.0,2024-05-12,0
2024-05-12 01:00:00,0.0,0.0,2024-05-12,1
2024-05-12 02:00:00,0.0,0.0,2024-05-12,2
2024-05-12 03:00:00,0.0,0.0,2024-05-12,3
2024-05-12 04:00:00,0.0,0.0,2024-05-12,4
2024-05-12 05:00:00,0.008583243,0.008288251,2024-05-12,5
2024-05-12 06:00:00,0.1338271,0.1277961,2024-05-12,6
2024-05-12 07:00:00,0.1512038,0.1465387,2024-05-12,7
2024-05-12 08:00:00,0.2562359,0.2485099,2024-05-12,8
2024-05-12 09:00:00,0.4360298,0.4224703,2024-05-12,9
2024-05-12 10:00:00,0.3853775,0.374408,2024-05-12,10
2024-05-12 11:00:00,0.5844386,0.5677918,2024-05-12,11
2024-05-12 12:00:00,0.3382581,0.3286284,2024-05-12,12
2024-05-12 13:00:00,0.1825324,0.177268,2024-05-12,13
2024-05-12 14:00:00,0.05994837,0.05820552,2024-05-12,14
2024-05-12 15:00:00,0.07544934,0.07321322,2024-05-12,15
2024-05-12 16:00:00,0.1960322,0.1805943,2024-05-12,16
2024-05-12 17:00:00,0.05492968,0.05028146,2024-05-12,17
2024-05-12 18:00:00,0.000192116,0.0,2024-05-12,18
2024-05-12 19:00:00,0.0,0.0,2024-05-12,19
2024-05-12 20:00:00,0.0,0.0,2024-05-12,20
2024-05-12 21:00:00,0.0,0.0,2024-05-12,21
2024-05-12 22:00:00,0.0,0.0,2024-05-12,22
2024-05-12 23:00:00,0.0,0.0,2024-05-12,23
2024-05-13 00:00:00,0.0,0.0,2024-05-13,0
2024-05-13 01:00:00,0.0,0.0,2024-05-13,1
2024-05-13 02:00:00,0.0,0.0,2024-05-13,2
2024-05-13 03:00:00,0.0,0.0,2024-05-13,3
2024-05-13 04:00:00,0.0,0.0,2024-05-13,4
2024-05-13 05:00:00,0.08867601,0.02269052,2024-05-13,5
2024-05-13 06:00:00,0.2568061,0.2062037,2024-05-13,6
2024-05-13 07:00:00,0.3411296,0.3177805,2024-05-13,7
2024-05-13 08:00:00,0.4985691,0.4721336,2024-05-13,8
2024-05-13 09:00:00,0.8170576,0.7756389,2024-05-13,9
2024-05-13 10:00:00,0.8436404,0.8121336,2024-05-13,10
2024-05-13 11:00:00,1.062497,1.025178,2024-05-13,11
2024-05-13 12:00:00,0.9083908,0.8743529,2024-05-13,12
2024-05-13 13:00:00,0.5820712,0.5606602,2024-05-13,13
2024-05-13 14:00:00,0.5975689,0.5606309,2024-05-13,14
2024-05-13 15:00:00,0.3701324,0.3445055,2024-05-13,15
2024-05-13 16:00:00,0.1797176,0.1681446,2024-05-13,16
2024-05-13 17:00:00,0.04273206,0.04056558,2024-05-13,17
2024-05-13 18:00:00,0.000464755,0.0,2024-05-13,18
2024-05-13 19:00:00,0.0,0.0,2024-05-13,19
2024-05-13 20:00:00,0.0,0.0,2024-05-13,20
2024-05-13 21:00:00,0.0,0.0,2024-05-13,21
2024-05-13 22:00:00,0.0,0.0,2024-05-13,22
2024-05-13 23:00:00,0.0,0.0,2024-05-13,23
2024-05-14 00:00:00,0.0,0.0,2024-05-14,0
2024-05-14 01:00:00,0.0,0.0,2024-05-14,1
2024-05-14 02:00:00,0.0,0.0,2024-05-14,2
2024-05-14 03:00:00,0.0,0.0,2024-05-14,3
2024-05-14 04:00:00,0.0,0.0,2024-05-14,4
2024-05-14 05:00:00,0.05499086,0.04454087,2024-05-14,5
2024-05-14 06:00:00,0.2325353,0.1952372,2024-05-14,6
2024-05-14 07:00:00,0.5136513,0.4465145,2024-05-14,7
2024-05-14 08:00:00,0.5897692,0.5497785,2024-05-14,8
2024-05-14 09:00:00,0.796195,0.7551136,2024-05-14,9
2024-05-14 10:00:00,1.089158,1.04441,2024-05-14,10
2024-05-14 11:00:00,0.7514393,0.7269351,2024-05-14,11
2024-05-14 12:00:00,0.7576243,0.7307106,2024-05-14,12
2024-05-14 13:00:00,0.8590076,0.8152917,2024-05-14,13
2024-05-14 14:00:00,0.782524,0.7225069,2024-05-14,14
2024-05-14 15:00:00,0.5064726,0.448033,2024-05-14,15
2024-05-14 16:00:00,0.2343974,0.2055639,2024-05-14,16
2024-05-14 17:00:00,0.07002769,0.05815299,2024-05-14,17
2024-05-14 18:00:00,0.000773322,0.0,2024-05-14,18
2024-05-14 19:00:00,0.0,0.0,2024-05-14,19
2024-05-14 20:00:00,0.0,0.0,2024-05-14,20
2024-05-14 21:00:00,0.0,0.0,2024-05-14,21
2024-05-14 22:00:00,0.0,0.0,2024-05-14,22
2024-05-14 23:00:00,0.0,0.0,2024-05-14,23
2024-05-15 00:00:00,0.0,0.0,2024-05-15,0
2024-05-15 01:00:00,0.0,0.0,2024-05-15,1
2024-05-15 02:00:00,0.0,0.0,2024-05-15,2
2024-05-15 03:00:00,0.0,0.0,2024-05-15,3
2024-05-15 04:00:00,0.0,0.0,2024-05-15,4
2024-05-15 05:00:00,0.01858309,0.01782468,2024-05-15,5
2024-05-15 06:00:00,0.03731803,0.03616542,2024-05-15,6
2024-05-15 07:00:00,0.1466523,0.1421147,2024-05-15,7
2024-05-15 08:00:00,0.2198115,0.21326,2024-05-15,8
2024-05-15 09:00:00,0.3046738,0.2957629,2024-05-15,9
2024-05-15 10:00:00,0.3001739,0.2915579,2024-05-15,10
2024-05-15 11:00:00,0.2645831,0.2570113,2024-05-15,11
2024-05-15 12:00:00,0.1794294,0.1742725,2024-05-15,12
2024-05-15 13:00:00,0.1067831,0.1036944,2024-05-15,13
2024-05-15 14:00:00,0.08696957,0.08443407,2024-05-15,14
2024-05-15 15:00:00,0.1087797,0.105505,2024-05-15,15
2024-05-15 16:00:00,0.09560753,0.09241087,2024-05-15,16
2024-05-15 17:00:00,0.02170671,0.02087821,2024-05-15,17
2024-05-15 18:00:00,0.000245036,0.0,2024-05-15,18
2024-05-15 19:00:00,0.0,0.0,2024-05-15,19
2024-05-15 20:00:00,0.0,0.0,2024-05-15,20
2024-05-15 21:00:00,0.0,0.0,2024-05-15,21
2024-05-15 22:00:00,0.0,0.0,2024-05-15,22
2024-05-15 23:00:00,0.0,0.0,2024-05-15,23
2024-05-16 00:00:00,0.0,0.0,2024-05-16,0
2024-05-16 01:00:00,0.0,0.0,2024-05-16,1
2024-05-16 02:00:00,0.0,0.0,2024-05-16,2
2024-05-16 03:00:00,0.0,0.0,2024-05-16,3
2024-05-16 04:00:00,5.28857e-07,0.0,2024-05-16,4
2024-05-16 05:00:00,0.1108442,0.009242536,2024-05-16,5
2024-05-16 06:00:00,0.2594366,0.206571,2024-05-16,6
2024-05-16 07:00:00,0.3356315,0.3126465,2024-05-16,7
2024-05-16 08:00:00,0.186231,0.1807107,2024-05-16,8
2024-05-16 09:00:00,0.1764315,0.1713163,2024-05-16,9
2024-05-16 10:00:00,0.2699396,0.262179,2024-05-16,10
2024-05-16 11:00:00,0.2161067,0.2099078,2024-05-16,11
2024-05-16 12:00:00,0.3433866,0.3335218,2024-05-16,12
2024-05-16 13:00:00,0.4425143,0.4284157,2024-05-16,13
2024-05-16 14:00:00,0.2600872,0.2522314,2024-05-16,14
2024-05-16 15:00:00,0.3391312,0.3185273,2024-05-16,15
2024-05-16 16:00:00,0.2874345,0.2321543,2024-05-16,16
2024-05-16 17:00:00,0.04264699,0.04054525,2024-05-16,17
2024-05-16 18:00:00,0.000445352,0.0,2024-05-16,18
2024-05-16 19:00:00,0.0,0.0,2024-05-16,19
2024-05-16 20:00:00,0.0,0.0,2024-05-16,20
2024-05-16 21:00:00,0.0,0.0,2024-05-16,21
2024-05-16 22:00:00,0.0,0.0,2024-05-16,22
2024-05-16 23:00:00,0.0,0.0,2024-05-16,23
2024-05-17 00:00:00,0.0,0.0,2024-05-17,0
2024-05-17 01:00:00,0.0,0.0,2024-05-17,1
2024-05-17 02:00:00,0.0,0.0,2024-05-17,2
2024-05-17 03:00:00,0.0,0.0,2024-05-17,3
2024-05-17 04:00:00,2.11841e-06,0.0,2024-05-17,4
2024-05-17 05:00:00,0.02020673,0.01936591,2024-05-17,5
2024-05-17 06:00:00,0.0911689,0.08803541,2024-05-17,6
2024-05-17 07:00:00,0.2280423,0.2195674,2024-05-17,7
2024-05-17 08:00:00,0.2309084,0.2239729,2024-05-17,8
2024-05-17 09:00:00,0.6337156,0.6048204,2024-05-17,9
2024-05-17 10:00:00,0.2452668,0.238207,2024-05-17,10
2024-05-17 11:00:00,0.3854681,0.3744152,2024-05-17,11
2024-05-17 12:00:00,0.5266063,0.5103508,2024-05-17,12
2024-05-17 13:00:00,0.8468743,0.8000503,2024-05-17,13
2024-05-17 14:00:00,0.6011245,0.5603769,2024-05-17,14
2024-05-17 15:00:00,0.3081308,0.2922775,2024-05-17,15
2024-05-17 16:00:00,0.1180382,0.1138455,2024-05-17,16
2024-05-17 17:00:00,0.02898931,0.02778821,2024-05-17,17
2024-05-17 18:00:00,0.000390583,0.0,2024-05-17,18
2024-05-17 19:00:00,0.0,0.0,2024-05-17,19
2024-05-17 20:00:00,0.0,0.0,2024-05-17,20
2024-05-17 21:00:00,0.0,0.0,2024-05-17,21
2024-05-17 22:00:00,0.0,0.0,2024-05-17,22
2024-05-17 23:00:00,0.0,0.0,2024-05-17,23
2024-05-18 00:00:00,0.0,0.0,2024-05-18,0
2024-05-18 01:00:00,0.0,0.0,2024-05-18,1
2024-05-18 02:00:00,0.0,0.0,2024-05-18,2
2024-05-18 03:00:00,0.0,0.0,2024-05-18,3
2024-05-18 04:00:00,1.9685e-05,0.0,2024-05-18,4
2024-05-18 05:00:00,0.04037363,0.03772148,2024-05-18,5
2024-05-18 06:00:00,0.1678562,0.1558958,2024-05-18,6
2024-05-18 07:00:00,0.3698301,0.3384057,2024-05-18,7
2024-05-18 08:00:00,0.5775657,0.5362697,2024-05-18,8
2024-05-18 09:00:00,0.5290629,0.5087765,2024-05-18,9
2024-05-18 10:00:00,0.5443619,0.5268813,2024-05-18,10
2024-05-18 11:00:00,0.5592927,0.542078,2024-05-18,11
2024-05-18 12:00:00,0.3823827,0.3712916,2024-05-18,12
2024-05-18 13:00:00,0.3816406,0.3700199,2024-05-18,13
2024-05-18 14:00:00,0.5629402,0.5272938,2024-05-18,14
2024-05-18 15:00:00,0.3271219,0.3082155,2024-05-18,15
2024-05-18 16:00:00,0.1592884,0.1512669,2024-05-18,16
2024-05-18 17:00:00,0.0251688,0.02417521,2024-05-18,17
2024-05-18 18:00:00,0.00047372,0.0,2024-05-18,18
2024-05-18 19:00:00,0.0,0.0,2024-05-18,19
2024-05-18 20:00:00,0.0,0.0,2024-05-18,20
2024-05-18 21:00:00,0.0,0.0,2024-05-18,21
2024-05-18 22:00:00,0.0,0.0,2024-05-18,22
2024-05-18 23:00:00,0.0,0.0,2024-05-18,23
2024-05-19 00:00:00,0.0,0.0,2024-05-19,0
2024-05-19 01:00:00,0.0,0.0,2024-05-19,1
2024-05-19 02:00:00,0.0,0.0,2024-05-19,2
2024-05-19 03:00:00,0.0,0.0,2024-05-19,3
2024-05-19 04:00:00,4.86037e-05,0.0,2024-05-19,4
2024-05-19 05:00:00,0.09249874,0.02779501,2024-05-19,5
2024-05-19 06:00:00,0.1965528,0.1755656,2024-05-19,6
2024-05-19 07:00:00,0.2916147,0.2759933,2024-05-19,7
2024-05-19 08:00:00,0.6102691,0.5627027,2024-05-19,8
2024-05-19 09:00:00,0.6999591,0.6629153,2024-05-19,9
2024-05-19 10:00:00,1.040424,0.9899879,2024-05-19,10
2024-05-19 11:00:00,0.8426513,0.8085318,2024-05-19,11
2024-05-19 12:00:00,0.5840536,0.5645309,2024-05-19,12
2024-05-19 13:00:00,0.6108852,0.5843751,2024-05-19,13
2024-05-19 14:00:00,0.3477578,0.3356745,2024-05-19,14
2024-05-19 15:00:00,0.3011681,0.286062,2024-05-19,15
2024-05-19 16:00:00,0.2737538,0.2251371,2024-05-19,16
2024-05-19 17:00:00,0.08848836,0.0615764,2024-05-19,17
2024-05-19 18:00:00,0.000982766,0.0,2024-05-19,18
2024-05-19 19:00:00,0.0,0.0,2024-05-19,19
2024-05-19 20:00:00,0.0,0.0,2024-05-19,20
2024-05-19 21:00:00,0.0,0.0,2024-05-19,21
2024-05-19 22:00:00,0.0,0.0,2024-05-19,22
2024-05-19 23:00:00,0.0,0.0,2024-05-19,23
2024-05-20 00:00:00,0.0,0.0,2024-05-20,0
2024-05-20 01:00:00,0.0,0.0,2024-05-20,1
2024-05-20 02:00:00,0.0,0.0,2024-05-20,2
2024-05-20 03:00:00,0.0,0.0,2024-05-20,3
2024-05-20 04:00:00,6.45164e-05,0.0,2024-05-20,4
2024-05-20 05:00:00,0.03511648,0.03327304,2024-05-20,5
2024-05-20 06:00:00,0.1419715,0.1349076,2024-05-20,6
2024-05-20 07:00:00,0.2622454,0.2504346,2024-05-20,7
2024-05-20 08:00:00,0.3208702,0.3099192,2024-05-20,8
2024-05-20 09:00:00,0.2181156,0.211753,2024-05-20,9
2024-05-20 10:00:00,0.5227465,0.5059363,2024-05-20,10
2024-05-20 11:00:00,0.6712403,0.6476117,2024-05-20,11
2024-05-20 12:00:00,0.5995845,0.5788822,2024-05-20,12
2024-05-20 13:00:00,0.7027385,0.6665466,2024-05-20,13
2024-05-20 14:00:00,0.4034879,0.3871076,2024-05-20,14
2024-05-20 15:00:00,0.1512322,0.1465574,2024-05-20,15
2024-05-20 16:00:00,0.2100372,0.1901424,2024-05-20,16
2024-05-20 17:00:00,0.07327133,0.06147113,2024-05-20,17
2024-05-20 18:00:00,0.001438396,0.0,2024-05-20,18
2024-05-20 19:00:00,0.0,0.0,2024-05-20,19
2024-05-20 20:00:00,0.0,0.0,2024-05-20,20
2024-05-20 21:00:00,0.0,0.0,2024-05-20,21
2024-05-20 22:00:00,0.0,0.0,2024-05-20,22
2024-05-20 23:00:00,0.0,0.0,2024-05-20,23
2024-05-21 00:00:00,0.0,0.0,2024-05-21,0
2024-05-21 01:00:00,0.0,0.0,2024-05-21,1
2024-05-21 02:00:00,0.0,0.0,2024-05-21,2
2024-05-21 03:00:00,0.0,0.0,2024-05-21,3
2024-05-21 04:00:00,7.73083e-05,0.0,2024-05-21,4
2024-05-21 05:00:00,0.06798985,0.04804975,2024-05-21,5
2024-05-21 06:00:00,0.2243971,0.1905679,2024-05-21,6
2024-05-21 07:00:00,0.4410571,0.3876918,2024-05-21,7
2024-05-21 08:00:00,0.5181441,0.4849062,2024-05-21,8
2024-05-21 09:00:00,0.8798767,0.8229083,2024-05-21,9
2024-05-21 10:00:00,0.8046237,0.7675631,2024-05-21,10
2024-05-21 11:00:00,0.8387214,0.80303,2024-05-21,11
2024-05-21 12:00:00,0.726869,0.6969017,2024-05-21,12
2024-05-21 13:00:00,0.6467105,0.6157093,2024-05-21,13
2024-05-21 14:00:00,0.6777714,0.621738,2024-05-21,14
2024-05-21 15:00:00,0.6072184,0.5206361,2024-05-21,15
2024-05-21 16:00:00,0.3690425,0.2711633,2024-05-21,16
2024-05-21 17:00:00,0.08412908,0.06357592,2024-05-21,17
2024-05-21 18:00:00,0.002780599,0.0,2024-05-21,18
2024-05-21 19:00:00,0.0,0.0,2024-05-21,19
2024-05-21 20:00:00,0.0,0.0,2024-05-21,20
2024-05-21 21:00:00,0.0,0.0,2024-05-21,21
2024-05-21 22:00:00,0.0,0.0,2024-05-21,22
2024-05-21 23:00:00,0.0,0.0,2024-05-21,23
2024-05-22 00:00:00,0.0,0.0,2024-05-22,0
2024-05-22 01:00:00,0.0,0.0,2024-05-22,1
2024-05-22 02:00:00,0.0,0.0,2024-05-22,2
2024-05-22 03:00:00,0.0,0.0,2024-05-22,3
2024-05-22 04:00:00,0.000171034,0.0,2024-05-22,4
2024-05-22 05:00:00,0.07964899,0.04304304,2024-05-22,5
2024-05-22 06:00:00,0.1761967,0.1619455,2024-05-22,6
2024-05-22 07:00:00,0.2293026,0.2205625,2024-05-22,7
2024-05-22 08:00:00,0.2394304,0.2321386,2024-05-22,8
2024-05-22 09:00:00,0.4355607,0.4207994,2024-05-22,9
2024-05-22 10:00:00,0.7215841,0.6906731,2024-05-22,10
2024-05-22 11:00:00,0.6522769,0.6290043,2024-05-22,11
2024-05-22 12:00:00,0.5945489,0.5735664,2024-05-22,12
2024-05-22 13:00:00,0.5588064,0.535795,2024-05-22,13
2024-05-22 14:00:00,0.3500173,0.3375874,2024-05-22,14
2024-05-22 15:00:00,0.2488297,0.2392169,2024-05-22,15
2024-05-22 16:00:00,0.1739407,0.1635053,2024-05-22,16
2024-05-22 17:00:00,0.0687846,0.06033169,2024-05-22,17
2024-05-22 18:00:00,0.001319833,0.0,2024-05-22,18
2024-05-22 19:00:00,0.0,0.0,2024-05-22,19
2024-05-22 20:00:00,0.0,0.0,2024-05-22,20
2024-05-22 21:00:00,0.0,0.0,2024-05-22,21
2024-05-22 22:00:00,0.0,0.0,2024-05-22,22
2024-05-22 23:00:00,0.0,0.0,2024-05-22,23
2024-05-23 00:00:00,0.0,0.0,2024-05-23,0
2024-05-23 01:00:00,0.0,0.0,2024-05-23,1
2024-05-23 02:00:00,0.0,0.0,2024-05-23,2
2024-05-23 03:00:00,0.0,0.0,2024-05-23,3
2024-05-23 04:00:00,0.000129123,0.0,2024-05-23,4
2024-05-23 05:00:00,0.01475792,0.01420664,2024-05-23,5
2024-05-23 06:00:00,0.07422487,0.07174216,2024-05-23,6
2024-05-23 07:00:00,0.1489817,0.1443077,2024-05-23,7
2024-05-23 08:00:00,0.1763989,0.1711354,2024-05-23,8
2024-05-23 09:00:00,0.1981336,0.1923451,2024-05-23,9
2024-05-23 10:00:00,0.09230845,0.08963688,2024-05-23,10
2024-05-23 11:00:00,0.1256843,0.1220547,2024-05-23,11
2024-05-23 12:00:00,0.09395903,0.09124056,2024-05-23,12
2024-05-23 13:00:00,0.2424934,0.2354003,2024-05-23,13
2024-05-23 14:00:00,0.2789586,0.2702443,2024-05-23,14
2024-05-23 15:00:00,0.1604207,0.1554178,2024-05-23,15
2024-05-23 16:00:00,0.04077322,0.03951764,2024-05-23,16
2024-05-23 17:00:00,0.03799758,0.03629364,2024-05-23,17
2024-05-23 18:00:00,0.001368966,0.0,2024-05-23,18
2024-05-23 19:00:00,0.0,0.0,2024-05-23,19
2024-05-23 20:00:00,0.0,0.0,2024-05-23,20
2024-05-23 21:00:00,0.0,0.0,2024-05-23,21
2024-05-23 22:00:00,0.0,0.0,2024-05-23,22
2024-05-23 23:00:00,0.0,0.0,2024-05-23,23
2024-05-24 00:00:00,0.0,0.0,2024-05-24,0
2024-05-24 01:00:00,0.0,0.0,2024-05-24,1
2024-05-24 02:00:00,0.0,0.0,2024-05-24,2
2024-05-24 03:00:00,0.0,0.0,2024-05-24,3
2024-05-24 04:00:00,0.000151048,0.0,2024-05-24,4
2024-05-24 05:00:00,0.1088958,0.0170598,2024-05-24,5
2024-05-24 06:00:00,0.3621615,0.2504612,2024-05-24,6
2024-05-24 07:00:00,0.5557138,0.4680743,2024-05-24,7
2024-05-24 08:00:00,0.7250462,0.6543605,2024-05-24,8
2024-05-24 09:00:00,0.6510209,0.6161081,2024-05-24,9
2024-05-24 10:00:00,0.9438265,0.8927234,2024-05-24,10
2024-05-24 11:00:00,0.9597214,0.9124569,2024-05-24,11
2024-05-24 12:00:00,0.7302822,0.6982432,2024-05-24,12
2024-05-24 13:00:00,0.7429203,0.6992953,2024-05-24,13
2024-05-24 14:00:00,0.6028709,0.5569786,2024-05-24,14
2024-05-24 15:00:00,0.3971248,0.361855,2024-05-24,15
2024-05-24 16:00:00,0.2228985,0.1983981,2024-05-24,16
2024-05-24 17:00:00,0.07540196,0.06368629,2024-05-24,17
2024-05-24 18:00:00,0.002999719,0.0,2024-05-24,18
2024-05-24 19:00:00,0.0,0.0,2024-05-24,19
2024-05-24 20:00:00,0.0,0.0,2024-05-24,20
2024-05-24 21:00:00,0.0,0.0,2024-05-24,21
2024-05-24 22:00:00,0.0,0.0,2024-05-24,22
2024-05-24 23:00:00,0.0,0.0,2024-05-24,23
2024-05-25 00:00:00,0.0,0.0,2024-05-25,0
2024-05-25 01:00:00,0.0,0.0,2024-05-25,1
2024-05-25 02:00:00,0.0,0.0,2024-05-25,2
2024-05-25 03:00:00,0.0,0.0,2024-05-25,3
2024-05-25 04:00:00,0.000193641,0.0,2024-05-25,4
2024-05-25 05:00:00,0.09735166,0.02909025,2024-05-25,5
2024-05-25 06:00:00,0.3005672,0.2185829,2024-05-25,6
2024-05-25 07:00:00,0.5436801,0.4577366,2024-05-25,7
2024-05-25 08:00:00,0.8218957,0.7387226,2024-05-25,8
2024-05-25 09:00:00,0.9538108,0.88613,2024-05-25,9
2024-05-25 10:00:00,1.039589,0.9811098,2024-05-25,10
2024-05-25 11:00:00,0.9861054,0.9359932,2024-05-25,11
2024-05-25 12:00:00,1.034731,0.9778438,2024-05-25,12
2024-05-25 13:00:00,0.9738448,0.9075063,2024-05-25,13
2024-05-25 14:00:00,0.8366283,0.7567952,2024-05-25,14
2024-05-25 15:00:00,0.6358158,0.5403531,2024-05-25,15
2024-05-25 16:00:00,0.3992625,0.2880494,2024-05-25,16
2024-05-25 17:00:00,0.141308,0.03716963,2024-05-25,17
2024-05-25 18:00:00,0.003316964,0.0,2024-05-25,18
2024-05-25 19:00:00,0.0,0.0,2024-05-25,19
2024-05-25 20:00:00,0.0,0.0,2024-05-25,20
2024-05-25 21:00:00,0.0,0.0,2024-05-25,21
2024-05-25 22:00:00,0.0,0.0,2024-05-25,22
2024-05-25 23:00:00,0.0,0.0,2024-05-25,23
2024-05-26 00:00:00,0.0,0.0,2024-05-26,0
2024-05-26 01:00:00,0.0,0.0,2024-05-26,1
2024-05-26 02:00:00,0.0,0.0,2024-05-26,2
2024-05-26 03:00:00,0.0,0.0,2024-05-26,3
2024-05-26 04:00:00,0.000265248,0.0,2024-05-26,4
2024-05-26 05:00:00,0.09825359,0.02894016,2024-05-26,5
2024-05-26 06:00:00,0.3216254,0.2266432,2024-05-26,6
2024-05-26 07:00:00,0.5189763,0.4383838,2024-05-26,7
2024-05-26 08:00:00,0.8235562,0.7389613,2024-05-26,8
2024-05-26 09:00:00,0.8421927,0.7829926,2024-05-26,9
2024-05-26 10:00:00,0.8776431,0.8297918,2024-05-26,10
2024-05-26 11:00:00,0.9856383,0.9344786,2024-05-26,11
2024-05-26 12:00:00,1.058811,0.9993144,2024-05-26,12
2024-05-26 13:00:00,0.8524435,0.7951032,2024-05-26,13
2024-05-26 14:00:00,0.7153308,0.6490663,2024-05-26,14
2024-05-26 15:00:00,0.5599763,0.4780357,2024-05-26,15
2024-05-26 16:00:00,0.3057272,0.238033,2024-05-26,16
2024-05-26 17:00:00,0.1210409,0.05200023,2024-05-26,17
2024-05-26 18:00:00,0.003678399,0.0,2024-05-26,18
2024-05-26 19:00:00,0.0,0.0,2024-05-26,19
2024-05-26 20:00:00,0.0,0.0,2024-05-26,20
2024-05-26 21:00:00,0.0,0.0,2024-05-26,21
2024-05-26 22:00:00,0.0,0.0,2024-05-26,22
2024-05-26 23:00:00,0.0,0.0,2024-05-26,23
2024-05-27 00:00:00,0.0,0.0,2024-05-27,0
2024-05-27 01:00:00,0.0,0.0,2024-05-27,1
2024-05-27 02:00:00,0.0,0.0,2024-05-27,2
2024-05-27 03:00:00,0.0,0.0,2024-05-27,3
2024-05-27 04:00:00,0.000199865,0.0,2024-05-27,4
2024-05-27 05:00:00,0.06628792,0.05068501,2024-05-27,5
2024-05-27 06:00:00,0.2819997,0.210962,2024-05-27,6
2024-05-27 07:00:00,0.4082528,0.3620334,2024-05-27,7
2024-05-27 08:00:00,0.6635279,0.5996304,2024-05-27,8
2024-05-27 09:00:00,0.864442,0.8019703,2024-05-27,9
2024-05-27 10:00:00,0.81024,0.7678048,2024-05-27,10
2024-05-27 11:00:00,0.7806075,0.7450998,2024-05-27,11
2024-05-27 12:00:00,0.7252718,0.6920652,2024-05-27,12
2024-05-27 13:00:00,0.5619341,0.5372447,2024-05-27,13
2024-05-27 14:00:00,0.4751018,0.4491929,2024-05-27,14
2024-05-27 15:00:00,0.5903959,0.5010379,2024-05-27,15
2024-05-27 16:00:00,0.3820109,0.2754501,2024-05-27,16
2024-05-27 17:00:00,0.08956657,0.06740763,2024-05-27,17
2024-05-27 18:00:00,0.002495402,0.0,2024-05-27,18
2024-05-27 19:00:00,0.0,0.0,2024-05-27,19
2024-05-27 20:00:00,0.0,0.0,2024-05-27,20
2024-05-27 21:00:00,0.0,0.0,2024-05-27,21
2024-05-27 22:00:00,0.0,0.0,2024-05-27,22
2024-05-27 23:00:00,0.0,0.0,2024-05-27,23
2024-05-28 00:00:00,0.0,0.0,2024-05-28,0
2024-05-28 01:00:00,0.0,0.0,2024-05-28,1
2024-05-28 02:00:00,0.0,0.0,2024-05-28,2
2024-05-28 03:00:00,0.0,0.0,2024-05-28,3
2024-05-28 04:00:00,0.000300534,0.0,2024-05-28,4
2024-05-28 05:00:00,0.1207317,0.01110665,2024-05-28,5
2024-05-28 06:00:00,0.2798884,0.2098069,2024-05-28,6
2024-05-28 07:00:00,0.5753948,0.4795003,2024-05-28,7
2024-05-28 08:00:00,0.6371595,0.5773231,2024-05-28,8
2024-05-28 09:00:00,0.7117403,0.6666083,2024-05-28,9
2024-05-28 10:00:00,0.8896465,0.8389147,2024-05-28,10
2024-05-28 11:00:00,0.7964693,0.7589481,2024-05-28,11
2024-05-28 12:00:00,0.7639259,0.7264973,2024-05-28,12
2024-05-28 13:00:00,0.7609628,0.7122946,2024-05-28,13
2024-05-28 14:00:00,0.7271809,0.6574696,2024-05-28,14
2024-05-28 15:00:00,0.5108014,0.4406074,2024-05-28,15
2024-05-28 16:00:00,0.2841463,0.2290942,2024-05-28,16
2024-05-28 17:00:00,0.1054232,0.06427044,2024-05-28,17
2024-05-28 18:00:00,0.004433639,0.0,2024-05-28,18
2024-05-28 19:00:00,0.0,0.0,2024-05-28,19
2024-05-28 20:00:00,0.0,0.0,2024-05-28,20
2024-05-28 21:00:00,0.0,0.0,2024-05-28,21
2024-05-28 22:00:00,0.0,0.0,2024-05-28,22
2024-05-28 23:00:00,0.0,0.0,2024-05-28,23
2024-05-29 00:00:00,0.0,0.0,2024-05-29,0
2024-05-29 01:00:00,0.0,0.0,2024-05-29,1
2024-05-29 02:00:00,0.0,0.0,2024-05-29,2
2024-05-29 03:00:00,0.0,0.0,2024-05-29,3
2024-05-29 04:00:00,0.000277135,0.0,2024-05-29,4
2024-05-29 05:00:00,0.06994183,0.05088225,2024-05-29,5
2024-05-29 06:00:00,0.2447729,0.1975858,2024-05-29,6
2024-05-29 07:00:00,0.5067397,0.4270903,2024-05-29,7
2024-05-29 08:00:00,0.6209643,0.5635533,2024-05-29,8
2024-05-29 09:00:00,0.892535,0.825345,2024-05-29,9
2024-05-29 10:00:00,0.6112943,0.5866971,2024-05-29,10
2024-05-29 11:00:00,0.357026,0.3465637,2024-05-29,11
2024-05-29 12:00:00,0.3337376,0.3239428,2024-05-29,12
2024-05-29 13:00:00,0.5734877,0.5471193,2024-05-29,13
2024-05-29 14:00:00,0.5090579,0.4774582,2024-05-29,14
2024-05-29 15:00:00,0.3489358,0.3244756,2024-05-29,15
2024-05-29 16:00:00,0.258391,0.2177904,2024-05-29,16
2024-05-29 17:00:00,0.02848377,0.02735646,2024-05-29,17
2024-05-29 18:00:00,0.002209303,0.0,2024-05-29,18
2024-05-29 19:00:00,0.0,0.0,2024-05-29,19
2024-05-29 20:00:00,0.0,0.0,2024-05-29,20
2024-05-29 21:00:00,0.0,0.0,2024-05-29,21
2024-05-29 22:00:00,0.0,0.0,2024-05-29,22
2024-05-29 23:00:00,0.0,0.0,2024-05-29,23
2024-05-30 00:00:00,0.0,0.0,2024-05-30,0
2024-05-30 01:00:00,0.0,0.0,2024-05-30,1
2024-05-30 02:00:00,0.0,0.0,2024-05-30,2
2024-05-30 03:00:00,0.0,0.0,2024-05-30,3
2024-05-30 04:00:00,0.00028645,0.0,2024-05-30,4
2024-05-30 05:00:00,0.04221612,0.03964461,2024-05-30,5
2024-05-30 06:00:00,0.08421747,0.08131232,2024-05-30,6
2024-05-30 07:00:00,0.3607189,0.3279933,2024-05-30,7
2024-05-30 08:00:00,0.6267884,0.5675069,2024-05-30,8
2024-05-30 09:00:00,0.5469454,0.5216997,2024-05-30,9
2024-05-30 10:00:00,0.6012062,0.5771804,2024-05-30,10
2024-05-30 11:00:00,0.9163699,0.8667527,2024-05-30,11
2024-05-30 12:00:00,1.092683,1.026653,2024-05-30,12
2024-05-30 13:00:00,0.7726942,0.7212287,2024-05-30,13
2024-05-30 14:00:00,0.3880025,0.3720115,2024-05-30,14
2024-05-30 15:00:00,0.4741297,0.4142544,2024-05-30,15
2024-05-30 16:00:00,0.3024474,0.2365771,2024-05-30,16
2024-05-30 17:00:00,0.1395044,0.04461351,2024-05-30,17
2024-05-30 18:00:00,0.006221893,0.0,2024-05-30,18
2024-05-30 19:00:00,0.0,0.0,2024-05-30,19
2024-05-30 20:00:00,0.0,0.0,2024-05-30,20
2024-05-30 21:00:00,0.0,0.0,2024-05-30,21
2024-05-30 22:00:00,0.0,0.0,2024-05-30,22
2024-05-30 23:00:00,0.0,0.0,2024-05-30,23
2024-05-31 00:00:00,0.0,0.0,2024-05-31,0
2024-05-31 01:00:00,0.0,0.0,2024-05-31,1
2024-05-31 02:00:00,0.0,0.0,2024-05-31,2
2024-05-31 03:00:00,0.0,0.0,2024-05-31,3
2024-05-31 04:00:00,0.000438761,0.0,2024-05-31,4
2024-05-31 05:00:00,0.08392758,0.0450326,2024-05-31,5
2024-05-31 06:00:00,0.262156,0.2028714,2024-05-31,6
2024-05-31 07:00:00,0.4599075,0.3940208,2024-05-31,7
2024-05-31 08:00:00,0.7190403,0.6422682,2024-05-31,8
2024-05-31 09:00:00,0.7308611,0.6811448,2024-05-31,9
2024-05-31 10:00:00,0.6347954,0.6075981,2024-05-31,10
2024-05-31 11:00:00,0.8066414,0.7663954,2024-05-31,11
2024-05-31 12:00:00,1.024779,0.9621969,2024-05-31,12
2024-05-31 13:00:00,0.9834723,0.910057,2024-05-31,13
2024-05-31 14:00:00,0.768537,0.6906417,2024-05-31,14
2024-05-31 15:00:00,0.5104476,0.4389773,2024-05-31,15
2024-05-31 16:00:00,0.403284,0.2873145,2024-05-31,16
2024-05-31 17:00:00,0.1643736,0.03591967,2024-05-31,17
2024-05-31 18:00:00,0.006349678,0.0,2024-05-31,18
2024-05-31 19:00:00,0.0,0.0,2024-05-31,19
2024-05-31 20:00:00,0.0,0.0,2024-05-31,20
2024-05-31 21:00:00,0.0,0.0,2024-05-31,21
2024-05-31 22:00:00,0.0,0.0,2024-05-31,22
2024-05-31 23:00:00,0.0,0.0,2024-05-31,23
2024-06-01 00:00:00,0.0,0.0,2024-06-01,0
2024-06-01 01:00:00,0.0,0.0,2024-06-01,1
2024-06-01 02:00:00,0.0,0.0,2024-06-01,2
2024-06-01 03:00:00,0.0,0.0,2024-06-01,3
2024-06-01 04:00:00,0.000293246,0.0,2024-06-01,4
2024-06-01 05:00:00,0.04796866,0.04415895,2024-06-01,5
2024-06-01 06:00:00,0.1717145,0.1582484,2024-06-01,6
2024-06-01 07:00:00,0.2682996,0.2548793,2024-06-01,7
2024-06-01 08:00:00,0.1219951,0.1183747,2024-06-01,8
2024-06-01 09:00:00,0.1935188,0.1878285,2024-06-01,9
2024-06-01 10:00:00,0.07085111,0.06879511,2024-06-01,10
2024-06-01 11:00:00,0.06490111,0.06301905,2024-06-01,11
2024-06-01 12:00:00,0.1677909,0.1629189,2024-06-01,12
2024-06-01 13:00:00,0.2872988,0.2787534,2024-06-01,13
2024-06-01 14:00:00,0.1200883,0.1165402,2024-06-01,14
2024-06-01 15:00:00,0.1170836,0.1134944,2024-06-01,15
2024-06-01 16:00:00,0.1308951,0.1259189,2024-06-01,16
2024-06-01 17:00:00,0.04452799,0.04247762,2024-06-01,17
2024-06-01 18:00:00,0.001871978,0.0,2024-06-01,18
2024-06-01 19:00:00,0.0,0.0,2024-06-01,19
2024-06-01 20:00:00,0.0,0.0,2024-06-01,20
2024-06-01 21:00:00,0.0,0.0,2024-06-01,21
2024-06-01 22:00:00,0.0,0.0,2024-06-01,22
2024-06-01 23:00:00,0.0,0.0,2024-06-01,23
2024-06-02 00:00:00,0.0,0.0,2024-06-02,0
2024-06-02 01:00:00,0.0,0.0,2024-06-02,1
2024-06-02 02:00:00,0.0,0.0,2024-06-02,2
2024-06-02 03:00:00,0.0,0.0,2024-06-02,3
2024-06-02 04:00:00,0.00044924,0.0,2024-06-02,4
2024-06-02 05:00:00,0.009123449,0.008815315,2024-06-02,5
2024-06-02 06:00:00,0.04101381,0.03972264,2024-06-02,6
2024-06-02 07:00:00,0.1091757,0.1058028,2024-06-02,7
2024-06-02 08:00:00,0.2278426,0.2208478,2024-06-02,8
2024-06-02 09:00:00,0.08268452,0.08027572,2024-06-02,9
2024-06-02 10:00:00,0.1670639,0.1622072,2024-06-02,10
2024-06-02 11:00:00,0.1498579,0.1455141,2024-06-02,11
2024-06-02 12:00:00,0.2173062,0.2109805,2024-06-02,12
2024-06-02 13:00:00,0.07516551,0.07297848,2024-06-02,13
2024-06-02 14:00:00,0.04697477,0.04560242,2024-06-02,14
2024-06-02 15:00:00,0.0342508,0.0332421,2024-06-02,15
2024-06-02 16:00:00,0.04449387,0.04311227,2024-06-02,16
2024-06-02 17:00:00,0.02867032,0.027548,2024-06-02,17
2024-06-02 18:00:00,0.001214827,0.0,2024-06-02,18
2024-06-02 19:00:00,0.0,0.0,2024-06-02,19
2024-06-02 20:00:00,0.0,0.0,2024-06-02,20
2024-06-02 21:00:00,0.0,0.0,2024-06-02,21
2024-06-02 22:00:00,0.0,0.0,2024-06-02,22
2024-06-02 23:00:00,0.0,0.0,2024-06-02,23
2024-06-03 00:00:00,0.0,0.0,2024-06-03,0
2024-06-03 01:00:00,0.0,0.0,2024-06-03,1
2024-06-03 02:00:00,0.0,0.0,2024-06-03,2
2024-06-03 03:00:00,0.0,0.0,2024-06-03,3
2024-06-03 04:00:00,0.000363906,0.0,2024-06-03,4
2024-06-03 05:00:00,0.02068015,0.01984273,2024-06-03,5
2024-06-03 06:00:00,0.05231182,0.0506234,2024-06-03,6
2024-06-03 07:00:00,0.1497605,0.1449932,2024-06-03,7
2024-06-03 08:00:00,0.1023393,0.09931307,2024-06-03,8
2024-06-03 09:00:00,0.1425286,0.138356,2024-06-03,9
2024-06-03 10:00:00,0.2358603,0.2289748,2024-06-03,10
2024-06-03 11:00:00,0.1161472,0.1127806,2024-06-03,11
2024-06-03 12:00:00,0.2637758,0.256072,2024-06-03,12
2024-06-03 13:00:00,0.2416486,0.2345158,2024-06-03,13
2024-06-03 14:00:00,0.1572881,0.1525998,2024-06-03,14
2024-06-03 15:00:00,0.2013816,0.1946869,2024-06-03,15
2024-06-03 16:00:00,0.1449617,0.1388409,2024-06-03,16
2024-06-03 17:00:00,0.02511307,0.02416767,2024-06-03,17
2024-06-03 18:00:00,0.000695611,0.0,2024-06-03,18
2024-06-03 19:00:00,0.0,0.0,2024-06-03,19
2024-06-03 20:00:00,0.0,0.0,2024-06-03,20
2024-06-03 21:00:00,0.0,0.0,2024-06-03,21
2024-06-03 22:00:00,0.0,0.0,2024-06-03,22
2024-06-03 23:00:00,0.0,0.0,2024-06-03,23
2024-06-04 00:00:00,0.0,0.0,2024-06-04,0
2024-06-04 01:00:00,0.0,0.0,2024-06-04,1
2024-06-04 02:00:00,0.0,0.0,2024-06-04,2
2024-06-04 03:00:00,0.0,0.0,2024-06-04,3
2024-06-04 04:00:00,0.000319259,0.0,2024-06-04,4
2024-06-04 05:00:00,0.01621783,0.01560511,2024-06-04,5
2024-06-04 06:00:00,0.05252385,0.05082637,2024-06-04,6
2024-06-04 07:00:00,0.08269415,0.08018028,2024-06-04,7
2024-06-04 08:00:00,0.01253082,0.01216516,2024-06-04,8
2024-06-04 09:00:00,0.1608876,0.1561665,2024-06-04,9
2024-06-04 10:00:00,0.3692198,0.3580841,2024-06-04,10
2024-06-04 11:00:00,0.3707282,0.3597204,2024-06-04,11
2024-06-04 12:00:00,0.2811186,0.2728934,2024-06-04,12
2024-06-04 13:00:00,0.3906125,0.3778546,2024-06-04,13
2024-06-04 14:00:00,0.1784821,0.1731324,2024-06-04,14
2024-06-04 15:00:00,0.08454534,0.0819962,2024-06-04,15
2024-06-04 16:00:00,0.05661507,0.05482134,2024-06-04,16
2024-06-04 17:00:00,0.0344824,0.03306159,2024-06-04,17
2024-06-04 18:00:00,0.002363307,0.0,2024-06-04,18
2024-06-04 19:00:00,0.0,0.0,2024-06-04,19
2024-06-04 20:00:00,0.0,0.0,2024-06-04,20
2024-06-04 21:00:00,0.0,0.0,2024-06-04,21
2024-06-04 22:00:00,0.0,0.0,2024-06-04,22
2024-06-04 23:00:00,0.0,0.0,2024-06-04,23
2024-06-05 00:00:00,0.0,0.0,2024-06-05,0
2024-06-05 01:00:00,0.0,0.0,2024-06-05,1
2024-06-05 02:00:00,0.0,0.0,2024-06-05,2
2024-06-05 03:00:00,0.0,0.0,2024-06-05,3
2024-06-05 04:00:00,0.000593833,0.0,2024-06-05,4
2024-06-05 05:00:00,0.08409702,0.04575694,2024-06-05,5
2024-06-05 06:00:00,0.3295716,0.2231245,2024-06-05,6
2024-06-05 07:00:00,0.5023538,0.4189404,2024-06-05,7
2024-06-05 08:00:00,0.5778837,0.5254972,2024-06-05,8
2024-06-05 09:00:00,0.5040347,0.4821015,2024-06-05,9
2024-06-05 10:00:00,0.4003358,0.387958,2024-06-05,10
2024-06-05 11:00:00,0.5927246,0.5701625,2024-06-05,11
2024-06-05 12:00:00,0.5500749,0.5295484,2024-06-05,12
2024-06-05 13:00:00,0.504043,0.4833571,2024-06-05,13
2024-06-05 14:00:00,0.6854539,0.6178494,2024-06-05,14
2024-06-05 15:00:00,0.492274,0.4249727,2024-06-05,15
2024-06-05 16:00:00,0.3054603,0.2383444,2024-06-05,16
2024-06-05 17:00:00,0.1314529,0.05850622,2024-06-05,17
2024-06-05 18:00:00,0.005413905,0.0,2024-06-05,18
2024-06-05 19:00:00,0.0,0.0,2024-06-05,19
2024-06-05 20:00:00,0.0,0.0,2024-06-05,20
2024-06-05 21:00:00,0.0,0.0,2024-06-05,21
2024-06-05 22:00:00,0.0,0.0,2024-06-05,22
2024-06-05 23:00:00,0.0,0.0,2024-06-05,23
2024-06-06 00:00:00,0.0,0.0,2024-06-06,0
2024-06-06 01:00:00,0.0,0.0,2024-06-06,1
2024-06-06 02:00:00,0.0,0.0,2024-06-06,2
2024-06-06 03:00:00,0.0,0.0,2024-06-06,3
2024-06-06 04:00:00,0.000312048,0.0,2024-06-06,4
2024-06-06 05:00:00,0.04143354,0.03902728,2024-06-06,5
2024-06-06 06:00:00,0.1114906,0.1072432,2024-06-06,6
2024-06-06 07:00:00,0.1236948,0.1198213,2024-06-06,7
2024-06-06 08:00:00,0.1443204,0.1400008,2024-06-06,8
2024-06-06 09:00:00,0.3742974,0.3619919,2024-06-06,9
2024-06-06 10:00:00,0.5820861,0.5582851,2024-06-06,10
2024-06-06 11:00:00,0.6471998,0.6200085,2024-06-06,11
2024-06-06 12:00:00,0.8536981,0.8019823,2024-06-06,12
2024-06-06 13:00:00,0.8560805,0.7901882,2024-06-06,13
2024-06-06 14:00:00,0.5633947,0.5199199,2024-06-06,14
2024-06-06 15:00:00,0.3023213,0.2861653,2024-06-06,15
2024-06-06 16:00:00,0.1467019,0.1404567,2024-06-06,16
2024-06-06 17:00:00,0.05145578,0.04895936,2024-06-06,17
2024-06-06 18:00:00,0.000726225,0.0,2024-06-06,18
2024-06-06 19:00:00,0.0,0.0,2024-06-06,19
2024-06-06 20:00:00,0.0,0.0,2024-06-06,20
2024-06-06 21:00:00,0.0,0.0,2024-06-06,21
2024-06-06 22:00:00,0.0,0.0,2024-06-06,22
2024-06-06 23:00:00,0.0,0.0,2024-06-06,23
2024-06-07 00:00:00,0.0,0.0,2024-06-07,0
2024-06-07 01:00:00,0.0,0.0,2024-06-07,1
2024-06-07 02:00:00,0.0,0.0,2024-06-07,2
2024-06-07 03:00:00,0.0,0.0,2024-06-07,3
2024-06-07 04:00:00,0.000436897,0.0,2024-06-07,4
2024-06-07 05:00:00,0.05250863,0.04719746,2024-06-07,5
2024-06-07 06:00:00,0.133848,0.1275517,2024-06-07,6
2024-06-07 07:00:00,0.3185767,0.295159,2024-06-07,7
2024-06-07 08:00:00,0.2480488,0.2402447,2024-06-07,8
2024-06-07 09:00:00,0.2827427,0.2742444,2024-06-07,9
2024-06-07 10:00:00,0.2850074,0.2766322,2024-06-07,10
2024-06-07 11:00:00,0.1204087,0.1169153,2024-06-07,11
2024-06-07 12:00:00,0.2181871,0.211821,2024-06-07,12
2024-06-07 13:00:00,0.2587025,0.2510321,2024-06-07,13
2024-06-07 14:00:00,0.1699326,0.1648434,2024-06-07,14
2024-06-07 15:00:00,0.07177676,0.06962535,2024-06-07,15
2024-06-07 16:00:00,0.02569254,0.0249176,2024-06-07,16
2024-06-07 17:00:00,0.01198245,0.01159017,2024-06-07,17
2024-06-07 18:00:00,0.00134122,0.0,2024-06-07,18
2024-06-07 19:00:00,0.0,0.0,2024-06-07,19
2024-06-07 20:00:00,0.0,0.0,2024-06-07,20
2024-06-07 21:00:00,0.0,0.0,2024-06-07,21
2024-06-07 22:00:00,0.0,0.0,2024-06-07,22
2024-06-07 23:00:00,0.0,0.0,2024-06-07,23
2024-06-08 00:00:00,0.0,0.0,2024-06-08,0
2024-06-08 01:00:00,0.0,0.0,2024-06-08,1
2024-06-08 02:00:00,0.0,0.0,2024-06-08,2
2024-06-08 03:00:00,0.0,0.0,2024-06-08,3
2024-06-08 04:00:00,0.000339094,0.0,2024-06-08,4
2024-06-08 05:00:00,0.002594237,0.002515358,2024-06-08,5
2024-06-08 06:00:00,0.008476209,0.00822538,2024-06-08,6
2024-06-08 07:00:00,0.02515888,0.02441796,2024-06-08,7
2024-06-08 08:00:00,0.05269517,0.05115051,2024-06-08,8
2024-06-08 09:00:00,0.1191048,0.11562,2024-06-08,9
2024-06-08 10:00:00,0.09449871,0.09175318,2024-06-08,10
2024-06-08 11:00:00,0.4153915,0.4026567,2024-06-08,11
2024-06-08 12:00:00,0.2888243,0.2803465,2024-06-08,12
2024-06-08 13:00:00,0.1713532,0.1663249,2024-06-08,13
2024-06-08 14:00:00,0.2665617,0.2581848,2024-06-08,14
2024-06-08 15:00:00,0.1220328,0.1182716,2024-06-08,15
2024-06-08 16:00:00,0.1163985,0.1122806,2024-06-08,16
2024-06-08 17:00:00,0.06884789,0.06346332,2024-06-08,17
2024-06-08 18:00:00,0.002447979,0.0,2024-06-08,18
2024-06-08 19:00:00,0.0,0.0,2024-06-08,19
2024-06-08 20:00:00,0.0,0.0,2024-06-08,20
2024-06-08 21:00:00,0.0,0.0,2024-06-08,21
2024-06-08 22:00:00,0.0,0.0,2024-06-08,22
2024-06-08 23:00:00,0.0,0.0,2024-06-08,23
2024-06-09 00:00:00,0.0,0.0,2024-06-09,0
2024-06-09 01:00:00,0.0,0.0,2024-06-09,1
2024-06-09 02:00:00,0.0,0.0,2024-06-09,2
2024-06-09 03:00:00,0.0,0.0,2024-06-09,3
2024-06-09 04:00:00,0.000476025,0.0,2024-06-09,4
2024-06-09 05:00:00,0.04466917,0.04168924,2024-06-09,5
2024-06-09 06:00:00,0.1645116,0.1524138,2024-06-09,6
2024-06-09 07:00:00,0.1709648,0.1653584,2024-06-09,7
2024-06-09 08:00:00,0.1716375,0.16645,2024-06-09,8
2024-06-09 09:00:00,0.14289,0.1386975,2024-06-09,9
2024-06-09 10:00:00,0.5192528,0.5000938,2024-06-09,10
2024-06-09 11:00:00,0.3010888,0.292269,2024-06-09,11
2024-06-09 12:00:00,0.2497816,0.2424722,2024-06-09,12
2024-06-09 13:00:00,0.4787883,0.4599991,2024-06-09,13
2024-06-09 14:00:00,0.6856495,0.6165909,2024-06-09,14
2024-06-09 15:00:00,0.3697796,0.3399112,2024-06-09,15
2024-06-09 16:00:00,0.06404983,0.06199533,2024-06-09,16
2024-06-09 17:00:00,0.01589431,0.01535534,2024-06-09,17
2024-06-09 18:00:00,0.000296108,0.0,2024-06-09,18
2024-06-09 19:00:00,0.0,0.0,2024-06-09,19
2024-06-09 20:00:00,0.0,0.0,2024-06-09,20
2024-06-09 21:00:00,0.0,0.0,2024-06-09,21
2024-06-09 22:00:00,0.0,0.0,2024-06-09,22
2024-06-09 23:00:00,0.0,0.0,2024-06-09,23
2024-06-10 00:00:00,0.0,0.0,2024-06-10,0
2024-06-10 01:00:00,0.0,0.0,2024-06-10,1
2024-06-10 02:00:00,0.0,0.0,2024-06-10,2
2024-06-10 03:00:00,0.0,0.0,2024-06-10,3
2024-06-10 04:00:00,0.000269498,0.0,2024-06-10,4
2024-06-10 05:00:00,0.02529038,0.02419125,2024-06-10,5
2024-06-10 06:00:00,0.05951472,0.05755023,2024-06-10,6
2024-06-10 07:00:00,0.03463838,0.03361305,2024-06-10,7
2024-06-10 08:00:00,0.0765532,0.07429761,2024-06-10,8
2024-06-10 09:00:00,0.361224,0.3494797,2024-06-10,9
2024-06-10 10:00:00,0.4525256,0.4374972,2024-06-10,10
2024-06-10 11:00:00,0.6818003,0.6505809,2024-06-10,11
2024-06-10 12:00:00,0.6004573,0.5752646,2024-06-10,12
2024-06-10 13:00:00,0.5757594,0.5469746,2024-06-10,13
2024-06-10 14:00:00,0.5621383,0.5182677,2024-06-10,14
2024-06-10 15:00:00,0.3826873,0.3494445,2024-06-10,15
2024-06-10 16:00:00,0.2646599,0.2225599,2024-06-10,16
2024-06-10 17:00:00,0.09502444,0.07577287,2024-06-10,17
2024-06-10 18:00:00,0.006307447,0.0,2024-06-10,18
2024-06-10 19:00:00,0.0,0.0,2024-06-10,19
2024-06-10 20:00:00,0.0,0.0,2024-06-10,20
2024-06-10 21:00:00,0.0,0.0,2024-06-10,21
2024-06-10 22:00:00,0.0,0.0,2024-06-10,22
2024-06-10 23:00:00,0.0,0.0,2024-06-10,23
2024-06-11 00:00:00,0.0,0.0,2024-06-11,0
2024-06-11 01:00:00,0.0,0.0,2024-06-11,1
2024-06-11 02:00:00,0.0,0.0,2024-06-11,2
2024-06-11 03:00:00,0.0,0.0,2024-06-11,3
2024-06-11 04:00:00,0.000427781,0.0,2024-06-11,4
2024-06-11 05:00:00,0.03262602,0.0310453,2024-06-11,5
2024-06-11 06:00:00,0.1020172,0.09826732,2024-06-11,6
2024-06-11 07:00:00,0.2220988,0.2133565,2024-06-11,7
2024-06-11 08:00:00,0.2865699,0.2768668,2024-06-11,8
2024-06-11 09:00:00,0.2976177,0.2885667,2024-06-11,9
2024-06-11 10:00:00,0.3262017,0.3164958,2024-06-11,10
2024-06-11 11:00:00,0.2046058,0.1986475,2024-06-11,11
2024-06-11 12:00:00,0.2873487,0.2789046,2024-06-11,12
2024-06-11 13:00:00,0.2578261,0.2501697,2024-06-11,13
2024-06-11 14:00:00,0.2112201,0.2048156,2024-06-11,14
2024-06-11 15:00:00,0.113557,0.1100726,2024-06-11,15
2024-06-11 16:00:00,0.1113387,0.1074553,2024-06-11,16
2024-06-11 17:00:00,0.01832068,0.01768709,2024-06-11,17
2024-06-11 18:00:00,0.001829962,0.0,2024-06-11,18
2024-06-11 19:00:00,0.0,0.0,2024-06-11,19
2024-06-11 20:00:00,0.0,0.0,2024-06-11,20
2024-06-11 21:00:00,0.0,0.0,2024-06-11,21
2024-06-11 22:00:00,0.0,0.0,2024-06-11,22
2024-06-11 23:00:00,0.0,0.0,2024-06-11,23
2024-06-12 00:00:00,0.0,0.0,2024-06-12,0
2024-06-12 01:00:00,0.0,0.0,2024-06-12,1
2024-06-12 02:00:00,0.0,0.0,2024-06-12,2
2024-06-12 03:00:00,0.0,0.0,2024-06-12,3
2024-06-12 04:00:00,0.000554717,0.0,2024-06-12,4
2024-06-12 05:00:00,0.1197078,0.01245188,2024-06-12,5
2024-06-12 06:00:00,0.3259378,0.2169035,2024-06-12,6
2024-06-12 07:00:00,0.5427869,0.4429654,2024-06-12,7
2024-06-12 08:00:00,0.7923352,0.6966629,2024-06-12,8
2024-06-12 09:00:00,1.022273,0.932178,2024-06-12,9
2024-06-12 10:00:00,1.076108,0.9994276,2024-06-12,10
2024-06-12 11:00:00,0.9720473,0.9096402,2024-06-12,11
2024-06-12 12:00:00,1.027825,0.9571851,2024-06-12,12
2024-06-12 13:00:00,0.7915492,0.7316931,2024-06-12,13
2024-06-12 14:00:00,0.5720832,0.5259517,2024-06-12,14
2024-06-12 15:00:00,0.5891581,0.4927021,2024-06-12,15
2024-06-12 16:00:00,0.4038989,0.2855582,2024-06-12,16
2024-06-12 17:00:00,0.1767002,0.04520075,2024-06-12,17
2024-06-12 18:00:00,0.00872774,0.0,2024-06-12,18
2024-06-12 19:00:00,0.0,0.0,2024-06-12,19
2024-06-12 20:00:00,0.0,0.0,2024-06-12,20
2024-06-12 21:00:00,0.0,0.0,2024-06-12,21
2024-06-12 22:00:00,0.0,0.0,2024-06-12,22
2024-06-12 23:00:00,0.0,0.0,2024-06-12,23
2024-06-13 00:00:00,0.0,0.0,2024-06-13,0
2024-06-13 01:00:00,0.0,0.0,2024-06-13,1
2024-06-13 02:00:00,0.0,0.0,2024-06-13,2
2024-06-13 03:00:00,0.0,0.0,2024-06-13,3
2024-06-13 04:00:00,0.000376349,0.0,2024-06-13,4
2024-06-13 05:00:00,0.1054322,0.02383281,2024-06-13,5
2024-06-13 06:00:00,0.2692587,0.1989808,2024-06-13,6
2024-06-13 07:00:00,0.4843293,0.4025182,2024-06-13,7
2024-06-13 08:00:00,0.4718489,0.4397296,2024-06-13,8
2024-06-13 09:00:00,0.6996647,0.6486226,2024-06-13,9
2024-06-13 10:00:00,0.963995,0.895795,2024-06-13,10
2024-06-13 11:00:00,0.9328947,0.8737844,2024-06-13,11
2024-06-13 12:00:00,0.9303122,0.8677608,2024-06-13,12
2024-06-13 13:00:00,0.8598327,0.7907551,2024-06-13,13
2024-06-13 14:00:00,0.7489354,0.6677381,2024-06-13,14
2024-06-13 15:00:00,0.6096112,0.5084479,2024-06-13,15
2024-06-13 16:00:00,0.4193952,0.2957157,2024-06-13,16
2024-06-13 17:00:00,0.1537835,0.05476876,2024-06-13,17
2024-06-13 18:00:00,0.00940898,0.0,2024-06-13,18
2024-06-13 19:00:00,0.0,0.0,2024-06-13,19
2024-06-13 20:00:00,0.0,0.0,2024-06-13,20
2024-06-13 21:00:00,0.0,0.0,2024-06-13,21
2024-06-13 22:00:00,0.0,0.0,2024-06-13,22
2024-06-13 23:00:00,0.0,0.0,2024-06-13,23
2024-06-14 00:00:00,0.0,0.0,2024-06-14,0
2024-06-14 01:00:00,0.0,0.0,2024-06-14,1
2024-06-14 02:00:00,0.0,0.0,2024-06-14,2
2024-06-14 03:00:00,0.0,0.0,2024-06-14,3
2024-06-14 04:00:00,0.000398051,0.0,2024-06-14,4
2024-06-14 05:00:00,0.0868934,0.04180295,2024-06-14,5
2024-06-14 06:00:00,0.3373396,0.2206352,2024-06-14,6
2024-06-14 07:00:00,0.4395512,0.3741146,2024-06-14,7
2024-06-14 08:00:00,0.7430758,0.6531885,2024-06-14,8
2024-06-14 09:00:00,1.008966,0.9191723,2024-06-14,9
2024-06-14 10:00:00,1.068139,0.9912059,2024-06-14,10
2024-06-14 11:00:00,1.110722,1.037073,2024-06-14,11
2024-06-14 12:00:00,1.083371,1.007884,2024-06-14,12
2024-06-14 13:00:00,0.750129,0.6959133,2024-06-14,13
2024-06-14 14:00:00,0.6955299,0.6235725,2024-06-14,14
2024-06-14 15:00:00,0.4312412,0.3836235,2024-06-14,15
2024-06-14 16:00:00,0.3600883,0.2624848,2024-06-14,16
2024-06-14 17:00:00,0.1615512,0.05198417,2024-06-14,17
2024-06-14 18:00:00,0.007420945,0.0,2024-06-14,18
2024-06-14 19:00:00,0.0,0.0,2024-06-14,19
2024-06-14 20:00:00,0.0,0.0,2024-06-14,20
2024-06-14 21:00:00,0.0,0.0,2024-06-14,21
2024-06-14 22:00:00,0.0,0.0,2024-06-14,22
2024-06-14 23:00:00,0.0,0.0,2024-06-14,23
2024-06-15 00:00:00,0.0,0.0,2024-06-15,0
2024-06-15 01:00:00,0.0,0.0,2024-06-15,1
2024-06-15 02:00:00,0.0,0.0,2024-06-15,2
2024-06-15 03:00:00,0.0,0.0,2024-06-15,3
2024-06-15 04:00:00,0.000282405,0.0,2024-06-15,4
2024-06-15 05:00:00,0.09289327,0.0357134,2024-06-15,5
2024-06-15 06:00:00,0.3253403,0.214787,2024-06-15,6
2024-06-15 07:00:00,0.5566341,0.4516995,2024-06-15,7
2024-06-15 08:00:00,0.6951199,0.6130149,2024-06-15,8
2024-06-15 09:00:00,0.9266922,0.8444688,2024-06-15,9
2024-06-15 10:00:00,0.9822297,0.911721,2024-06-15,10
2024-06-15 11:00:00,1.04786,0.9783746,2024-06-15,11
2024-06-15 12:00:00,1.09201,1.015579,2024-06-15,12
2024-06-15 13:00:00,0.8915542,0.8183683,2024-06-15,13
2024-06-15 14:00:00,0.7123745,0.6371602,2024-06-15,14
2024-06-15 15:00:00,0.5507771,0.4643274,2024-06-15,15
2024-06-15 16:00:00,0.3212266,0.2468401,2024-06-15,16
2024-06-15 17:00:00,0.1472209,0.06118586,2024-06-15,17
2024-06-15 18:00:00,0.009650465,0.0,2024-06-15,18
2024-06-15 19:00:00,0.0,0.0,2024-06-15,19
2024-06-15 20:00:00,0.0,0.0,2024-06-15,20
2024-06-15 21:00:00,0.0,0.0,2024-06-15,21
2024-06-15 22:00:00,0.0,0.0,2024-06-15,22
2024-06-15 23:00:00,0.0,0.0,2024-06-15,23
2024-06-16 00:00:00,0.0,0.0,2024-06-16,0
2024-06-16 01:00:00,0.0,0.0,2024-06-16,1
2024-06-16 02:00:00,0.0,0.0,2024-06-16,2
2024-06-16 03:00:00,0.0,0.0,2024-06-16,3
2024-06-16 04:00:00,0.00022267,0.0,2024-06-16,4
2024-06-16 05:00:00,0.08947805,0.03847971,2024-06-16,5
2024-06-16 06:00:00,0.2484643,0.1921213,2024-06-16,6
2024-06-16 07:00:00,0.2846605,0.2673701,2024-06-16,7
2024-06-16 08:00:00,0.6591393,0.5839275,2024-06-16,8
2024-06-16 09:00:00,0.8861087,0.8076105,2024-06-16,9
2024-06-16 10:00:00,0.7749985,0.7274106,2024-06-16,10
2024-06-16 11:00:00,1.014381,0.9471573,2024-06-16,11
2024-06-16 12:00:00,0.7386005,0.6977404,2024-06-16,12
2024-06-16 13:00:00,0.6387599,0.6010739,2024-06-16,13
2024-06-16 14:00:00,0.7106125,0.6356463,2024-06-16,14
2024-06-16 15:00:00,0.4059897,0.3663714,2024-06-16,15
2024-06-16 16:00:00,0.2576037,0.2205275,2024-06-16,16
2024-06-16 17:00:00,0.09826623,0.07894716,2024-06-16,17
2024-06-16 18:00:00,0.00749524,0.0,2024-06-16,18
2024-06-16 19:00:00,0.0,0.0,2024-06-16,19
2024-06-16 20:00:00,0.0,0.0,2024-06-16,20
2024-06-16 21:00:00,0.0,0.0,2024-06-16,21
2024-06-16 22:00:00,0.0,0.0,2024-06-16,22
2024-06-16 23:00:00,0.0,0.0,2024-06-16,23
2024-06-17 00:00:00,0.0,0.0,2024-06-17,0
2024-06-17 01:00:00,0.0,0.0,2024-06-17,1
2024-06-17 02:00:00,0.0,0.0,2024-06-17,2
2024-06-17 03:00:00,0.0,0.0,2024-06-17,3
2024-06-17 04:00:00,0.00032651,0.0,2024-06-17,4
2024-06-17 05:00:00,0.05624525,0.04848425,2024-06-17,5
2024-06-17 06:00:00,0.09782631,0.09424986,2024-06-17,6
2024-06-17 07:00:00,0.1533392,0.1483829,2024-06-17,7
2024-06-17 08:00:00,0.1643295,0.1593574,2024-06-17,8
2024-06-17 09:00:00,0.4271762,0.4111365,2024-06-17,9
2024-06-17 10:00:00,0.3713112,0.3599312,2024-06-17,10
2024-06-17 11:00:00,0.3388878,0.3288479,2024-06-17,11
2024-06-17 12:00:00,0.4015801,0.3890911,2024-06-17,12
2024-06-17 13:00:00,0.307868,0.2985389,2024-06-17,13
2024-06-17 14:00:00,0.1212918,0.1176953,2024-06-17,14
2024-06-17 15:00:00,0.1390802,0.1347462,2024-06-17,15
2024-06-17 16:00:00,0.1027184,0.09920245,2024-06-17,16
2024-06-17 17:00:00,0.05532211,0.05268199,2024-06-17,17
2024-06-17 18:00:00,0.003006792,0.0,2024-06-17,18
2024-06-17 19:00:00,0.0,0.0,2024-06-17,19
2024-06-17 20:00:00,0.0,0.0,2024-06-17,20
2024-06-17 21:00:00,0.0,0.0,2024-06-17,21
2024-06-17 22:00:00,0.0,0.0,2024-06-17,22
2024-06-17 23:00:00,0.0,0.0,2024-06-17,23
2024-06-18 00:00:00,0.0,0.0,2024-06-18,0
2024-06-18 01:00:00,0.0,0.0,2024-06-18,1
2024-06-18 02:00:00,0.0,0.0,2024-06-18,2
2024-06-18 03:00:00,0.0,0.0,2024-06-18,3
2024-06-18 04:00:00,0.000365197,0.0,2024-06-18,4
2024-06-18 05:00:00,0.08477159,0.04149946,2024-06-18,5
2024-06-18 06:00:00,0.2305739,0.1859112,2024-06-18,6
2024-06-18 07:00:00,0.3222987,0.296318,2024-06-18,7
2024-06-18 08:00:00,0.4601558,0.4295552,2024-06-18,8
2024-06-18 09:00:00,0.4568479,0.4383217,2024-06-18,9
2024-06-18 10:00:00,0.6341965,0.603732,2024-06-18,10
2024-06-18 11:00:00,0.8644103,0.8114501,2024-06-18,11
2024-06-18 12:00:00,0.8719797,0.8147505,2024-06-18,12
2024-06-18 13:00:00,0.6325676,0.5957057,2024-06-18,13
2024-06-18 14:00:00,0.5702261,0.5243281,2024-06-18,14
2024-06-18 15:00:00,0.4378107,0.388433,2024-06-18,15
2024-06-18 16:00:00,0.2604744,0.2224279,2024-06-18,16
2024-06-18 17:00:00,0.1182783,0.07894417,2024-06-18,17
2024-06-18 18:00:00,0.009225696,0.0,2024-06-18,18
2024-06-18 19:00:00,0.0,0.0,2024-06-18,19
2024-06-18 20:00:00,0.0,0.0,2024-06-18,20
2024-06-18 21:00:00,0.0,0.0,2024-06-18,21
2024-06-18 22:00:00,0.0,0.0,2024-06-18,22
2024-06-18 23:00:00,0.0,0.0,2024-06-18,23
2024-06-19 00:00:00,0.0,0.0,2024-06-19,0
2024-06-19 01:00:00,0.0,0.0,2024-06-19,1
2024-06-19 02:00:00,0.0,0.0,2024-06-19,2
2024-06-19 03:00:00,0.0,0.0,2024-06-19,3
2024-06-19 04:00:00,0.00028247,0.0,2024-06-19,4
2024-06-19 05:00:00,0.06174934,0.04966332,2024-06-19,5
2024-06-19 06:00:00,0.1897513,0.167637,2024-06-19,6
2024-06-19 07:00:00,0.409159,0.3538837,2024-06-19,7
2024-06-19 08:00:00,0.5820637,0.5238708,2024-06-19,8
2024-06-19 09:00:00,0.6241932,0.5842878,2024-06-19,9
2024-06-19 10:00:00,0.8656045,0.8062137,2024-06-19,10
2024-06-19 11:00:00,0.875261,0.8209906,2024-06-19,11
2024-06-19 12:00:00,0.854081,0.7988636,2024-06-19,12
2024-06-19 13:00:00,0.7931029,0.7321469,2024-06-19,13
2024-06-19 14:00:00,0.5055183,0.4724166,2024-06-19,14
2024-06-19 15:00:00,0.346537,0.3225577,2024-06-19,15
2024-06-19 16:00:00,0.1744411,0.1649925,2024-06-19,16
2024-06-19 17:00:00,0.07528464,0.06918257,2024-06-19,17
2024-06-19 18:00:00,0.005358559,0.0,2024-06-19,18
2024-06-19 19:00:00,0.0,0.0,2024-06-19,19
2024-06-19 20:00:00,0.0,0.0,2024-06-19,20
2024-06-19 21:00:00,0.0,0.0,2024-06-19,21
2024-06-19 22:00:00,0.0,0.0,2024-06-19,22
2024-06-19 23:00:00,0.0,0.0,2024-06-19,23
2024-06-20 00:00:00,0.0,0.0,2024-06-20,0
2024-06-20 01:00:00,0.0,0.0,2024-06-20,1
2024-06-20 02:00:00,0.0,0.0,2024-06-20,2
2024-06-20 03:00:00,0.0,0.0,2024-06-20,3
2024-06-20 04:00:00,0.000324351,0.0,2024-06-20,4
2024-06-20 05:00:00,0.06840084,0.04923028,2024-06-20,5
2024-06-20 06:00:00,0.2395203,0.1878636,2024-06-20,6
2024-06-20 07:00:00,0.2189861,0.2102978,2024-06-20,7
2024-06-20 08:00:00,0.3832496,0.3647211,2024-06-20,8
2024-06-20 09:00:00,0.2934061,0.2844628,2024-06-20,9
2024-06-20 10:00:00,0.3240658,0.3143952,2024-06-20,10
2024-06-20 11:00:00,0.1384555,0.1344307,2024-06-20,11
2024-06-20 12:00:00,0.3701604,0.3589245,2024-06-20,12
2024-06-20 13:00:00,0.4497114,0.4329973,2024-06-20,13
2024-06-20 14:00:00,0.2745483,0.2658189,2024-06-20,14
2024-06-20 15:00:00,0.115621,0.1120701,2024-06-20,15
2024-06-20 16:00:00,0.1336788,0.1286743,2024-06-20,16
2024-06-20 17:00:00,0.09575185,0.07976073,2024-06-20,17
2024-06-20 18:00:00,0.008095473,0.0,2024-06-20,18
2024-06-20 19:00:00,0.0,0.0,2024-06-20,19
2024-06-20 20:00:00,0.0,0.0,2024-06-20,20
2024-06-20 21:00:00,0.0,0.0,2024-06-20,21
2024-06-20 22:00:00,0.0,0.0,2024-06-20,22
2024-06-20 23:00:00,0.0,0.0,2024-06-20,23
2024-06-21 00:00:00,0.0,0.0,2024-06-21,0
2024-06-21 01:00:00,0.0,0.0,2024-06-21,1
2024-06-21 02:00:00,0.0,0.0,2024-06-21,2
2024-06-21 03:00:00,0.0,0.0,2024-06-21,3
2024-06-21 04:00:00,0.000148907,0.0,2024-06-21,4
2024-06-21 05:00:00,0.09058858,0.03389863,2024-06-21,5
2024-06-21 06:00:00,0.291136,0.2000456,2024-06-21,6
2024-06-21 07:00:00,0.5001932,0.4097197,2024-06-21,7
2024-06-21 08:00:00,0.5619587,0.5082915,2024-06-21,8
2024-06-21 09:00:00,0.7969326,0.7288355,2024-06-21,9
2024-06-21 10:00:00,0.8631588,0.8038769,2024-06-21,10
2024-06-21 11:00:00,0.8002073,0.7544684,2024-06-21,11
2024-06-21 12:00:00,0.6729479,0.6396485,2024-06-21,12
2024-06-21 13:00:00,0.8342693,0.7676826,2024-06-21,13
2024-06-21 14:00:00,0.762441,0.6787969,2024-06-21,14
2024-06-21 15:00:00,0.4739929,0.4130348,2024-06-21,15
2024-06-21 16:00:00,0.4009282,0.2858125,2024-06-21,16
2024-06-21 17:00:00,0.1388815,0.0726463,2024-06-21,17
2024-06-21 18:00:00,0.01142824,0.0,2024-06-21,18
2024-06-21 19:00:00,0.0,0.0,2024-06-21,19
2024-06-21 20:00:00,0.0,0.0,2024-06-21,20
2024-06-21 21:00:00,0.0,0.0,2024-06-21,21
2024-06-21 22:00:00,0.0,0.0,2024-06-21,22
2024-06-21 23:00:00,0.0,0.0,2024-06-21,23
2024-06-22 00:00:00,0.0,0.0,2024-06-22,0
2024-06-22 01:00:00,0.0,0.0,2024-06-22,1
2024-06-22 02:00:00,0.0,0.0,2024-06-22,2
2024-06-22 03:00:00,0.0,0.0,2024-06-22,3
2024-06-22 04:00:00,0.000192134,0.0,2024-06-22,4
2024-06-22 05:00:00,0.08999641,0.0336398,2024-06-22,5
2024-06-22 06:00:00,0.2323645,0.1849155,2024-06-22,6
2024-06-22 07:00:00,0.428837,0.3650299,2024-06-22,7
2024-06-22 08:00:00,0.7319821,0.6416243,2024-06-22,8
2024-06-22 09:00:00,0.8287168,0.7560877,2024-06-22,9
2024-06-22 10:00:00,0.8264448,0.7716243,2024-06-22,10
2024-06-22 11:00:00,0.812036,0.7649076,2024-06-22,11
2024-06-22 12:00:00,0.6196759,0.5920707,2024-06-22,12
2024-06-22 13:00:00,0.4976791,0.4769988,2024-06-22,13
2024-06-22 14:00:00,0.2683981,0.2599382,2024-06-22,14
2024-06-22 15:00:00,0.3327354,0.3117866,2024-06-22,15
2024-06-22 16:00:00,0.300288,0.2411965,2024-06-22,16
2024-06-22 17:00:00,0.1148053,0.08214338,2024-06-22,17
2024-06-22 18:00:00,0.006336008,0.0,2024-06-22,18
2024-06-22 19:00:00,0.0,0.0,2024-06-22,19
2024-06-22 20:00:00,0.0,0.0,2024-06-22,20
2024-06-22 21:00:00,0.0,0.0,2024-06-22,21
2024-06-22 22:00:00,0.0,0.0,2024-06-22,22
2024-06-22 23:00:00,0.0,0.0,2024-06-22,23
2024-06-23 00:00:00,0.0,0.0,2024-06-23,0
2024-06-23 01:00:00,0.0,0.0,2024-06-23,1
2024-06-23 02:00:00,0.0,0.0,2024-06-23,2
2024-06-23 03:00:00,0.0,0.0,2024-06-23,3
2024-06-23 04:00:00,0.000158594,0.0,2024-06-23,4
2024-06-23 05:00:00,0.07978585,0.04201792,2024-06-23,5
2024-06-23 06:00:00,0.2073786,0.1754262,2024-06-23,6
2024-06-23 07:00:00,0.5367033,0.4343938,2024-06-23,7
2024-06-23 08:00:00,0.8023713,0.7019742,2024-06-23,8
2024-06-23 09:00:00,0.8149334,0.7441373,2024-06-23,9
2024-06-23 10:00:00,0.9880497,0.9159189,2024-06-23,10
2024-06-23 11:00:00,1.072511,1.000394,2024-06-23,11
2024-06-23 12:00:00,1.10683,1.028652,2024-06-23,12
2024-06-23 13:00:00,1.002012,0.9180894,2024-06-23,13
2024-06-23 14:00:00,0.7901185,0.7027553,2024-06-23,14
2024-06-23 15:00:00,0.6439962,0.5369149,2024-06-23,15
2024-06-23 16:00:00,0.3767973,0.273627,2024-06-23,16
2024-06-23 17:00:00,0.1352856,0.07623678,2024-06-23,17
2024-06-23 18:00:00,0.01011092,0.0,2024-06-23,18
2024-06-23 19:00:00,0.0,0.0,2024-06-23,19
2024-06-23 20:00:00,0.0,0.0,2024-06-23,20
2024-06-23 21:00:00,0.0,0.0,2024-06-23,21
2024-06-23 22:00:00,0.0,0.0,2024-06-23,22
2024-06-23 23:00:00,0.0,0.0,2024-06-23,23
2024-06-24 00:00:00,0.0,0.0,2024-06-24,0
2024-06-24 01:00:00,0.0,0.0,2024-06-24,1
2024-06-24 02:00:00,0.0,0.0,2024-06-24,2
2024-06-24 03:00:00,0.0,0.0,2024-06-24,3
2024-06-24 04:00:00,0.000119369,0.0,2024-06-24,4
2024-06-24 05:00:00,0.07369794,0.04525494,2024-06-24,5
2024-06-24 06:00:00,0.2286637,0.1829726,2024-06-24,6
2024-06-24 07:00:00,0.5056476,0.4126122,2024-06-24,7
2024-06-24 08:00:00,0.7155612,0.6277735,2024-06-24,8
2024-06-24 09:00:00,0.7882398,0.7212751,2024-06-24,9
2024-06-24 10:00:00,0.7847227,0.7352628,2024-06-24,10
2024-06-24 11:00:00,0.8304095,0.781223,2024-06-24,11
2024-06-24 12:00:00,0.8577647,0.8022816,2024-06-24,12
2024-06-24 13:00:00,0.7136746,0.6649634,2024-06-24,13
2024-06-24 14:00:00,0.7155962,0.6403791,2024-06-24,14
2024-06-24 15:00:00,0.4730218,0.4130578,2024-06-24,15
2024-06-24 16:00:00,0.2350105,0.2096359,2024-06-24,16
2024-06-24 17:00:00,0.1377648,0.07584147,2024-06-24,17
2024-06-24 18:00:00,0.01117666,0.0,2024-06-24,18
2024-06-24 19:00:00,0.0,0.0,2024-06-24,19
2024-06-24 20:00:00,0.0,0.0,2024-06-24,20
2024-06-24 21:00:00,0.0,0.0,2024-06-24,21
2024-06-24 22:00:00,0.0,0.0,2024-06-24,22
2024-06-24 23:00:00,0.0,0.0,2024-06-24,23
2024-06-25 00:00:00,0.0,0.0,2024-06-25,0
2024-06-25 01:00:00,0.0,0.0,2024-06-25,1
2024-06-25 02:00:00,0.0,0.0,2024-06-25,2
2024-06-25 03:00:00,0.0,0.0,2024-06-25,3
2024-06-25 04:00:00,9.05481e-05,0.0,2024-06-25,4
2024-06-25 05:00:00,0.0175913,0.01689644,2024-06-25,5
2024-06-25 06:00:00,0.1297967,0.1234646,2024-06-25,6
2024-06-25 07:00:00,0.1658717,0.1604009,2024-06-25,7
2024-06-25 08:00:00,0.1650799,0.1600772,2024-06-25,8
2024-06-25 09:00:00,0.07486583,0.07268043,2024-06-25,9
2024-06-25 10:00:00,0.1922698,0.186646,2024-06-25,10
2024-06-25 11:00:00,0.09617542,0.09338259,2024-06-25,11
2024-06-25 12:00:00,0.2931658,0.2845316,2024-06-25,12
2024-06-25 13:00:00,0.2525986,0.245097,2024-06-25,13
2024-06-25 14:00:00,0.1171265,0.1136586,2024-06-25,14
2024-06-25 15:00:00,0.07585633,0.07357894,2024-06-25,15
2024-06-25 16:00:00,0.08175243,0.07906874,2024-06-25,16
2024-06-25 17:00:00,0.02149217,0.02074549,2024-06-25,17
2024-06-25 18:00:00,0.002547315,0.0,2024-06-25,18
2024-06-25 19:00:00,0.0,0.0,2024-06-25,19
2024-06-25 20:00:00,0.0,0.0,2024-06-25,20
2024-06-25 21:00:00,0.0,0.0,2024-06-25,21
2024-06-25 22:00:00,0.0,0.0,2024-06-25,22
2024-06-25 23:00:00,0.0,0.0,2024-06-25,23
2024-06-26 00:00:00,0.0,0.0,2024-06-26,0
2024-06-26 01:00:00,0.0,0.0,2024-06-26,1
2024-06-26 02:00:00,0.0,0.0,2024-06-26,2
2024-06-26 03:00:00,0.0,0.0,2024-06-26,3
2024-06-26 04:00:00,2.49739e-05,0.0,2024-06-26,4
2024-06-26 05:00:00,0.003182958,0.003084808,2024-06-26,5
2024-06-26 06:00:00,0.07865234,0.07588698,2024-06-26,6
2024-06-26 07:00:00,0.1212568,0.1174271,2024-06-26,7
2024-06-26 08:00:00,0.3815818,0.3630584,2024-06-26,8
2024-06-26 09:00:00,0.5749127,0.5422313,2024-06-26,9
2024-06-26 10:00:00,0.3943399,0.3819815,2024-06-26,10
2024-06-26 11:00:00,0.2730924,0.265094,2024-06-26,11
2024-06-26 12:00:00,0.2642326,0.2564775,2024-06-26,12
2024-06-26 13:00:00,0.4832017,0.4639416,2024-06-26,13
2024-06-26 14:00:00,0.4997487,0.4682323,2024-06-26,14
2024-06-26 15:00:00,0.2725651,0.2607274,2024-06-26,15
2024-06-26 16:00:00,0.2641334,0.2262843,2024-06-26,16
2024-06-26 17:00:00,0.06659646,0.06284066,2024-06-26,17
2024-06-26 18:00:00,0.00910264,0.0,2024-06-26,18
2024-06-26 19:00:00,0.0,0.0,2024-06-26,19
2024-06-26 20:00:00,0.0,0.0,2024-06-26,20
2024-06-26 21:00:00,0.0,0.0,2024-06-26,21
2024-06-26 22:00:00,0.0,0.0,2024-06-26,22
2024-06-26 23:00:00,0.0,0.0,2024-06-26,23
2024-06-27 00:00:00,0.0,0.0,2024-06-27,0
2024-06-27 01:00:00,0.0,0.0,2024-06-27,1
2024-06-27 02:00:00,0.0,0.0,2024-06-27,2
2024-06-27 03:00:00,0.0,0.0,2024-06-27,3
2024-06-27 04:00:00,5.17429e-05,0.0,2024-06-27,4
2024-06-27 05:00:00,0.05043894,0.04430142,2024-06-27,5
2024-06-27 06:00:00,0.1782433,0.1594496,2024-06-27,6
2024-06-27 07:00:00,0.2039911,0.1963862,2024-06-27,7
2024-06-27 08:00:00,0.1474999,0.143056,2024-06-27,8
2024-06-27 09:00:00,0.06281982,0.06098772,2024-06-27,9
2024-06-27 10:00:00,0.1437518,0.1395618,2024-06-27,10
2024-06-27 11:00:00,0.5077053,0.4901486,2024-06-27,11
2024-06-27 12:00:00,0.4157063,0.4026261,2024-06-27,12
2024-06-27 13:00:00,0.3675236,0.3557803,2024-06-27,13
2024-06-27 14:00:00,0.2656804,0.2573564,2024-06-27,14
2024-06-27 15:00:00,0.1421231,0.1376991,2024-06-27,15
2024-06-27 16:00:00,0.1428418,0.1372737,2024-06-27,16
2024-06-27 17:00:00,0.05694608,0.05430305,2024-06-27,17
2024-06-27 18:00:00,0.007018316,0.0,2024-06-27,18
2024-06-27 19:00:00,0.0,0.0,2024-06-27,19
2024-06-27 20:00:00,0.0,0.0,2024-06-27,20
2024-06-27 21:00:00,0.0,0.0,2024-06-27,21
2024-06-27 22:00:00,0.0,0.0,2024-06-27,22
2024-06-27 23:00:00,0.0,0.0,2024-06-27,23
2024-06-28 00:00:00,0.0,0.0,2024-06-28,0
2024-06-28 01:00:00,0.0,0.0,2024-06-28,1
2024-06-28 02:00:00,0.0,0.0,2024-06-28,2
2024-06-28 03:00:00,0.0,0.0,2024-06-28,3
2024-06-28 04:00:00,3.38813e-05,0.0,2024-06-28,4
2024-06-28 05:00:00,0.06995972,0.04433262,2024-06-28,5
2024-06-28 06:00:00,0.2776359,0.193027,2024-06-28,6
2024-06-28 07:00:00,0.4246061,0.3612999,2024-06-28,7
2024-06-28 08:00:00,0.7357064,0.6447816,2024-06-28,8
2024-06-28 09:00:00,0.8284559,0.7561786,2024-06-28,9
2024-06-28 10:00:00,0.8754379,0.8152133,2024-06-28,10
2024-06-28 11:00:00,0.7559416,0.7158352,2024-06-28,11
2024-06-28 12:00:00,1.010008,0.9402893,2024-06-28,12
2024-06-28 13:00:00,0.8452767,0.7785871,2024-06-28,13
2024-06-28 14:00:00,0.663105,0.5991531,2024-06-28,14
2024-06-28 15:00:00,0.2294275,0.2212645,2024-06-28,15
2024-06-28 16:00:00,0.2063825,0.1908155,2024-06-28,16
2024-06-28 17:00:00,0.1017368,0.08352201,2024-06-28,17
2024-06-28 18:00:00,0.007571496,0.0,2024-06-28,18
2024-06-28 19:00:00,0.0,0.0,2024-06-28,19
2024-06-28 20:00:00,0.0,0.0,2024-06-28,20
2024-06-28 21:00:00,0.0,0.0,2024-06-28,21
2024-06-28 22:00:00,0.0,0.0,2024-06-28,22
2024-06-28 23:00:00,0.0,0.0,2024-06-28,23
2024-06-29 00:00:00,0.0,0.0,2024-06-29,0
2024-06-29 01:00:00,0.0,0.0,2024-06-29,1
2024-06-29 02:00:00,0.0,0.0,2024-06-29,2
2024-06-29 03:00:00,0.0,0.0,2024-06-29,3
2024-06-29 04:00:00,1.63588e-05,0.0,2024-06-29,4
2024-06-29 05:00:00,0.09616498,0.02011235,2024-06-29,5
2024-06-29 06:00:00,0.2915941,0.1960562,2024-06-29,6
2024-06-29 07:00:00,0.5232183,0.4241604,2024-06-29,7
2024-06-29 08:00:00,0.6447521,0.5710799,2024-06-29,8
2024-06-29 09:00:00,0.3408317,0.3299261,2024-06-29,9
2024-06-29 10:00:00,0.8213983,0.7678395,2024-06-29,10
2024-06-29 11:00:00,0.7784025,0.7358919,2024-06-29,11
2024-06-29 12:00:00,0.8593291,0.804665,2024-06-29,12
2024-06-29 13:00:00,0.8462539,0.7797775,2024-06-29,13
2024-06-29 14:00:00,0.846671,0.7542736,2024-06-29,14
2024-06-29 15:00:00,0.5147424,0.4426524,2024-06-29,15
2024-06-29 16:00:00,0.3679711,0.2723506,2024-06-29,16
2024-06-29 17:00:00,0.1623746,0.06725277,2024-06-29,17
2024-06-29 18:00:00,0.01225823,0.0,2024-06-29,18
2024-06-29 19:00:00,0.0,0.0,2024-06-29,19
2024-06-29 20:00:00,0.0,0.0,2024-06-29,20
2024-06-29 21:00:00,0.0,0.0,2024-06-29,21
2024-06-29 22:00:00,0.0,0.0,2024-06-29,22
2024-06-29 23:00:00,0.0,0.0,2024-06-29,23
2024-06-30 00:00:00,0.0,0.0,2024-06-30,0
2024-06-30 01:00:00,0.0,0.0,2024-06-30,1
2024-06-30 02:00:00,0.0,0.0,2024-06-30,2
2024-06-30 03:00:00,0.0,0.0,2024-06-30,3
2024-06-30 04:00:00,3.9901e-06,0.0,2024-06-30,4
2024-06-30 05:00:00,0.07152024,0.04187768,2024-06-30,5
2024-06-30 06:00:00,0.1867566,0.1637008,2024-06-30,6
2024-06-30 07:00:00,0.3127044,0.2879833,2024-06-30,7
2024-06-30 08:00:00,0.46707,0.4344156,2024-06-30,8
2024-06-30 09:00:00,0.5804933,0.5471615,2024-06-30,9
2024-06-30 10:00:00,0.6274351,0.5978535,2024-06-30,10
2024-06-30 11:00:00,0.693279,0.6603435,2024-06-30,11
2024-06-30 12:00:00,0.7680398,0.7244556,2024-06-30,12
2024-06-30 13:00:00,0.8981513,0.826045,2024-06-30,13
2024-06-30 14:00:00,0.6126682,0.5597652,2024-06-30,14
2024-06-30 15:00:00,0.5786121,0.4883686,2024-06-30,15
2024-06-30 16:00:00,0.2952489,0.2420125,2024-06-30,16
2024-06-30 17:00:00,0.1248517,0.08427059,2024-06-30,17
2024-06-30 18:00:00,0.01138814,0.0,2024-06-30,18
2024-06-30 19:00:00,0.0,0.0,2024-06-30,19
2024-06-30 20:00:00,0.0,0.0,2024-06-30,20
2024-06-30 21:00:00,0.0,0.0,2024-06-30,21
2024-06-30 22:00:00,0.0,0.0,2024-06-30,22
2024-06-30 23:00:00,0.0,0.0,2024-06-30,23
2024-07-01 00:00:00,0.0,0.0,2024-07-01,0
2024-07-01 01:00:00,0.0,0.0,2024-07-01,1
2024-07-01 02:00:00,0.0,0.0,2024-07-01,2
2024-07-01 03:00:00,0.0,0.0,2024-07-01,3
2024-07-01 04:00:00,5.43684e-07,0.0,2024-07-01,4
2024-07-01 05:00:00,0.03579242,0.03373614,2024-07-01,5
2024-07-01 06:00:00,0.1250155,0.1190919,2024-07-01,6
2024-07-01 07:00:00,0.393681,0.3421953,2024-07-01,7
2024-07-01 08:00:00,0.3359697,0.3223792,2024-07-01,8
2024-07-01 09:00:00,0.3851353,0.3718838,2024-07-01,9
2024-07-01 10:00:00,0.516097,0.4967671,2024-07-01,10
2024-07-01 11:00:00,0.4575165,0.4428067,2024-07-01,11
2024-07-01 12:00:00,0.6758046,0.6430922,2024-07-01,12
2024-07-01 13:00:00,0.4852325,0.4660683,2024-07-01,13
2024-07-01 14:00:00,0.330725,0.3191429,2024-07-01,14
2024-07-01 15:00:00,0.1638296,0.1586746,2024-07-01,15
2024-07-01 16:00:00,0.09805223,0.09476183,2024-07-01,16
2024-07-01 17:00:00,0.02691072,0.02594241,2024-07-01,17
2024-07-01 18:00:00,0.002789423,0.0,2024-07-01,18
2024-07-01 19:00:00,0.0,0.0,2024-07-01,19
2024-07-01 20:00:00,0.0,0.0,2024-07-01,20
2024-07-01 21:00:00,0.0,0.0,2024-07-01,21
2024-07-01 22:00:00,0.0,0.0,2024-07-01,22
2024-07-01 23:00:00,0.0,0.0,2024-07-01,23
2024-07-02 00:00:00,0.0,0.0,2024-07-02,0
2024-07-02 01:00:00,0.0,0.0,2024-07-02,1
2024-07-02 02:00:00,0.0,0.0,2024-07-02,2
2024-07-02 03:00:00,0.0,0.0,2024-07-02,3
2024-07-02 04:00:00,0.0,0.0,2024-07-02,4
2024-07-02 05:00:00,0.02437091,0.0232652,2024-07-02,5
2024-07-02 06:00:00,0.03145581,0.03047225,2024-07-02,6
2024-07-02 07:00:00,0.02012404,0.019532,2024-07-02,7
2024-07-02 08:00:00,0.1949786,0.1890122,2024-07-02,8
2024-07-02 09:00:00,0.1599557,0.1552451,2024-07-02,9
2024-07-02 10:00:00,0.2119374,0.2057357,2024-07-02,10
2024-07-02 11:00:00,0.3216136,0.3121507,2024-07-02,11
2024-07-02 12:00:00,0.2355352,0.2286494,2024-07-02,12
2024-07-02 13:00:00,0.2281012,0.2213651,2024-07-02,13
2024-07-02 14:00:00,0.3050451,0.2949613,2024-07-02,14
2024-07-02 15:00:00,0.1721897,0.166748,2024-07-02,15
2024-07-02 16:00:00,0.1467695,0.1409656,2024-07-02,16
2024-07-02 17:00:00,0.101969,0.08436728,2024-07-02,17
2024-07-02 18:00:00,0.00220445,0.0,2024-07-02,18
2024-07-02 19:00:00,0.0,0.0,2024-07-02,19
2024-07-02 20:00:00,0.0,0.0,2024-07-02,20
2024-07-02 21:00:00,0.0,0.0,2024-07-02,21
2024-07-02 22:00:00,0.0,0.0,2024-07-02,22
2024-07-02 23:00:00,0.0,0.0,2024-07-02,23
2024-07-03 00:00:00,0.0,0.0,2024-07-03,0
2024-07-03 01:00:00,0.0,0.0,2024-07-03,1
2024-07-03 02:00:00,0.0,0.0,2024-07-03,2
2024-07-03 03:00:00,0.0,0.0,2024-07-03,3
2024-07-03 04:00:00,0.0,0.0,2024-07-03,4
2024-07-03 05:00:00,0.02251092,0.02151733,2024-07-03,5
2024-07-03 06:00:00,0.07800083,0.07524703,2024-07-03,6
2024-07-03 07:00:00,0.1503369,0.1454687,2024-07-03,7
2024-07-03 08:00:00,0.1641343,0.1591664,2024-07-03,8
2024-07-03 09:00:00,0.35655,0.3449064,2024-07-03,9
2024-07-03 10:00:00,0.6112718,0.5837058,2024-07-03,10
2024-07-03 11:00:00,0.342265,0.3321456,2024-07-03,11
2024-07-03 12:00:00,0.2574793,0.2499427,2024-07-03,12
2024-07-03 13:00:00,0.4572564,0.4404,2024-07-03,13
2024-07-03 14:00:00,0.3806929,0.3654006,2024-07-03,14
2024-07-03 15:00:00,0.2476027,0.2382529,2024-07-03,15
2024-07-03 16:00:00,0.1851925,0.1746115,2024-07-03,16
2024-07-03 17:00:00,0.09851772,0.08341404,2024-07-03,17
2024-07-03 18:00:00,0.005922019,0.0,2024-07-03,18
2024-07-03 19:00:00,0.0,0.0,2024-07-03,19
2024-07-03 20:00:00,0.0,0.0,2024-07-03,20
2024-07-03 21:00:00,0.0,0.0,2024-07-03,21
2024-07-03 22:00:00,0.0,0.0,2024-07-03,22
2024-07-03 23:00:00,0.0,0.0,2024-07-03,23
2024-07-04 00:00:00,0.0,0.0,2024-07-04,0
2024-07-04 01:00:00,0.0,0.0,2024-07-04,1
2024-07-04 02:00:00,0.0,0.0,2024-07-04,2
2024-07-04 03:00:00,0.0,0.0,2024-07-04,3
2024-07-04 04:00:00,0.0,0.0,2024-07-04,4
2024-07-04 05:00:00,0.01224616,0.01179551,2024-07-04,5
2024-07-04 06:00:00,0.05266995,0.05093084,2024-07-04,6
2024-07-04 07:00:00,0.1517073,0.1467896,2024-07-04,7
2024-07-04 08:00:00,0.2615755,0.2530364,2024-07-04,8
2024-07-04 09:00:00,0.2876546,0.2789343,2024-07-04,9
2024-07-04 10:00:00,0.1552808,0.1507568,2024-07-04,10
2024-07-04 11:00:00,0.2136813,0.2074597,2024-07-04,11
2024-07-04 12:00:00,0.1876091,0.1821445,2024-07-04,12
2024-07-04 13:00:00,0.1525995,0.1481335,2024-07-04,13
2024-07-04 14:00:00,0.1924756,0.1866923,2024-07-04,14
2024-07-04 15:00:00,0.1686205,0.1633117,2024-07-04,15
2024-07-04 16:00:00,0.0822442,0.07956169,2024-07-04,16
2024-07-04 17:00:00,0.02796473,0.02695434,2024-07-04,17
2024-07-04 18:00:00,0.00171179,0.0,2024-07-04,18
2024-07-04 19:00:00,0.0,0.0,2024-07-04,19
2024-07-04 20:00:00,0.0,0.0,2024-07-04,20
2024-07-04 21:00:00,0.0,0.0,2024-07-04,21
2024-07-04 22:00:00,0.0,0.0,2024-07-04,22
2024-07-04 23:00:00,0.0,0.0,2024-07-04,23
2024-07-05 00:00:00,0.0,0.0,2024-07-05,0
2024-07-05 01:00:00,0.0,0.0,2024-07-05,1
2024-07-05 02:00:00,0.0,0.0,2024-07-05,2
2024-07-05 03:00:00,0.0,0.0,2024-07-05,3
2024-07-05 04:00:00,0.0,0.0,2024-07-05,4
2024-07-05 05:00:00,0.06835904,0.03915039,2024-07-05,5
2024-07-05 06:00:00,0.1122126,0.1075361,2024-07-05,6
2024-07-05 07:00:00,0.3527328,0.315811,2024-07-05,7
2024-07-05 08:00:00,0.5538786,0.5022255,2024-07-05,8
2024-07-05 09:00:00,0.6032211,0.5671318,2024-07-05,9
2024-07-05 10:00:00,0.9105591,0.8489627,2024-07-05,10
2024-07-05 11:00:00,0.8044816,0.760676,2024-07-05,11
2024-07-05 12:00:00,0.6046968,0.579656,2024-07-05,12
2024-07-05 13:00:00,0.5707779,0.5436304,2024-07-05,13
2024-07-05 14:00:00,0.345631,0.3331849,2024-07-05,14
2024-07-05 15:00:00,0.4795262,0.4211874,2024-07-05,15
2024-07-05 16:00:00,0.4292704,0.3112657,2024-07-05,16
2024-07-05 17:00:00,0.1636579,0.07080542,2024-07-05,17
2024-07-05 18:00:00,0.01141289,0.0,2024-07-05,18
2024-07-05 19:00:00,0.0,0.0,2024-07-05,19
2024-07-05 20:00:00,0.0,0.0,2024-07-05,20
2024-07-05 21:00:00,0.0,0.0,2024-07-05,21
2024-07-05 22:00:00,0.0,0.0,2024-07-05,22
2024-07-05 23:00:00,0.0,0.0,2024-07-05,23
2024-07-06 00:00:00,0.0,0.0,2024-07-06,0
2024-07-06 01:00:00,0.0,0.0,2024-07-06,1
2024-07-06 02:00:00,0.0,0.0,2024-07-06,2
2024-07-06 03:00:00,0.0,0.0,2024-07-06,3
2024-07-06 04:00:00,0.0,0.0,2024-07-06,4
2024-07-06 05:00:00,0.03404597,0.03206877,2024-07-06,5
2024-07-06 06:00:00,0.2396058,0.1810481,2024-07-06,6
2024-07-06 07:00:00,0.5008317,0.409357,2024-07-06,7
2024-07-06 08:00:00,0.6064274,0.5426729,2024-07-06,8
2024-07-06 09:00:00,0.5851303,0.5518426,2024-07-06,9
2024-07-06 10:00:00,0.7303752,0.6899489,2024-07-06,10
2024-07-06 11:00:00,0.4595984,0.4449426,2024-07-06,11
2024-07-06 12:00:00,0.1241854,0.1205791,2024-07-06,12
2024-07-06 13:00:00,0.1139282,0.1106059,2024-07-06,13
2024-07-06 14:00:00,0.04810711,0.0467017,2024-07-06,14
2024-07-06 15:00:00,0.09742717,0.09448155,2024-07-06,15
2024-07-06 16:00:00,0.07363872,0.07127289,2024-07-06,16
2024-07-06 17:00:00,0.09020051,0.07994483,2024-07-06,17
2024-07-06 18:00:00,0.01157181,0.0,2024-07-06,18
2024-07-06 19:00:00,0.0,0.0,2024-07-06,19
2024-07-06 20:00:00,0.0,0.0,2024-07-06,20
2024-07-06 21:00:00,0.0,0.0,2024-07-06,21
2024-07-06 22:00:00,0.0,0.0,2024-07-06,22
2024-07-06 23:00:00,0.0,0.0,2024-07-06,23
2024-07-07 00:00:00,0.0,0.0,2024-07-07,0
2024-07-07 01:00:00,0.0,0.0,2024-07-07,1
2024-07-07 02:00:00,0.0,0.0,2024-07-07,2
2024-07-07 03:00:00,0.0,0.0,2024-07-07,3
2024-07-07 04:00:00,0.0,0.0,2024-07-07,4
2024-07-07 05:00:00,0.05741962,0.04194408,2024-07-07,5
2024-07-07 06:00:00,0.1181238,0.1128308,2024-07-07,6
2024-07-07 07:00:00,0.2322771,0.2219703,2024-07-07,7
2024-07-07 08:00:00,0.2878657,0.2779185,2024-07-07,8
2024-07-07 09:00:00,0.5891106,0.5554361,2024-07-07,9
2024-07-07 10:00:00,0.8655462,0.8096673,2024-07-07,10
2024-07-07 11:00:00,0.4543943,0.4400203,2024-07-07,11
2024-07-07 12:00:00,0.8489303,0.7986643,2024-07-07,12
2024-07-07 13:00:00,0.6085891,0.5774263,2024-07-07,13
2024-07-07 14:00:00,0.4180118,0.399335,2024-07-07,14
2024-07-07 15:00:00,0.4639772,0.4113374,2024-07-07,15
2024-07-07 16:00:00,0.4082578,0.2990744,2024-07-07,16
2024-07-07 17:00:00,0.1355383,0.08372209,2024-07-07,17
2024-07-07 18:00:00,0.01282691,0.0,2024-07-07,18
2024-07-07 19:00:00,0.0,0.0,2024-07-07,19
2024-07-07 20:00:00,0.0,0.0,2024-07-07,20
2024-07-07 21:00:00,0.0,0.0,2024-07-07,21
2024-07-07 22:00:00,0.0,0.0,2024-07-07,22
2024-07-07 23:00:00,0.0,0.0,2024-07-07,23
2024-07-08 00:00:00,0.0,0.0,2024-07-08,0
2024-07-08 01:00:00,0.0,0.0,2024-07-08,1
2024-07-08 02:00:00,0.0,0.0,2024-07-08,2
2024-07-08 03:00:00,0.0,0.0,2024-07-08,3
2024-07-08 04:00:00,0.0,0.0,2024-07-08,4
2024-07-08 05:00:00,0.000228525,0.000221813,2024-07-08,5
2024-07-08 06:00:00,0.03735963,0.03617242,2024-07-08,6
2024-07-08 07:00:00,0.06116122,0.059317,2024-07-08,7
2024-07-08 08:00:00,0.1295172,0.1256455,2024-07-08,8
2024-07-08 09:00:00,0.118184,0.1147259,2024-07-08,9
2024-07-08 10:00:00,0.1631467,0.1583969,2024-07-08,10
2024-07-08 11:00:00,0.1190762,0.1156233,2024-07-08,11
2024-07-08 12:00:00,0.1590977,0.1544755,2024-07-08,12
2024-07-08 13:00:00,0.1178693,0.1144331,2024-07-08,13
2024-07-08 14:00:00,0.07114684,0.06906339,2024-07-08,14
2024-07-08 15:00:00,0.03540746,0.0343657,2024-07-08,15
2024-07-08 16:00:00,0.05496534,0.05325015,2024-07-08,16
2024-07-08 17:00:00,0.02563196,0.02472654,2024-07-08,17
2024-07-08 18:00:00,0.001301807,0.0,2024-07-08,18
2024-07-08 19:00:00,0.0,0.0,2024-07-08,19
2024-07-08 20:00:00,0.0,0.0,2024-07-08,20
2024-07-08 21:00:00,0.0,0.0,2024-07-08,21
2024-07-08 22:00:00,0.0,0.0,2024-07-08,22
2024-07-08 23:00:00,0.0,0.0,2024-07-08,23
2024-07-09 00:00:00,0.0,0.0,2024-07-09,0
2024-07-09 01:00:00,0.0,0.0,2024-07-09,1
2024-07-09 02:00:00,0.0,0.0,2024-07-09,2
2024-07-09 03:00:00,0.0,0.0,2024-07-09,3
2024-07-09 04:00:00,0.0,0.0,2024-07-09,4
2024-07-09 05:00:00,0.06209852,0.03889394,2024-07-09,5
2024-07-09 06:00:00,0.1417177,0.1326166,2024-07-09,6
2024-07-09 07:00:00,0.2671389,0.2519044,2024-07-09,7
2024-07-09 08:00:00,0.1925932,0.1867224,2024-07-09,8
2024-07-09 09:00:00,0.3198363,0.3099325,2024-07-09,9
2024-07-09 10:00:00,0.2737993,0.2657714,2024-07-09,10
2024-07-09 11:00:00,0.3364121,0.3265302,2024-07-09,11
2024-07-09 12:00:00,0.2876783,0.2792647,2024-07-09,12
2024-07-09 13:00:00,0.5456687,0.5218797,2024-07-09,13
2024-07-09 14:00:00,0.5038223,0.4739862,2024-07-09,14
2024-07-09 15:00:00,0.2714899,0.2602721,2024-07-09,15
2024-07-09 16:00:00,0.1902947,0.1790943,2024-07-09,16
2024-07-09 17:00:00,0.04616268,0.04425942,2024-07-09,17
2024-07-09 18:00:00,0.002810524,0.0,2024-07-09,18
2024-07-09 19:00:00,0.0,0.0,2024-07-09,19
2024-07-09 20:00:00,0.0,0.0,2024-07-09,20
2024-07-09 21:00:00,0.0,0.0,2024-07-09,21
2024-07-09 22:00:00,0.0,0.0,2024-07-09,22
2024-07-09 23:00:00,0.0,0.0,2024-07-09,23
2024-07-10 00:00:00,0.0,0.0,2024-07-10,0
2024-07-10 01:00:00,0.0,0.0,2024-07-10,1
2024-07-10 02:00:00,0.0,0.0,2024-07-10,2
2024-07-10 03:00:00,0.0,0.0,2024-07-10,3
2024-07-10 04:00:00,0.0,0.0,2024-07-10,4
2024-07-10 05:00:00,0.08964867,0.01306877,2024-07-10,5
2024-07-10 06:00:00,0.2787562,0.1887165,2024-07-10,6
2024-07-10 07:00:00,0.4709645,0.3904478,2024-07-10,7
2024-07-10 08:00:00,0.4077308,0.385893,2024-07-10,8
2024-07-10 09:00:00,0.7768408,0.7161291,2024-07-10,9
2024-07-10 10:00:00,0.9944879,0.9288171,2024-07-10,10
2024-07-10 11:00:00,0.9244522,0.8712287,2024-07-10,11
2024-07-10 12:00:00,0.8436032,0.7955898,2024-07-10,12
2024-07-10 13:00:00,0.592252,0.5637638,2024-07-10,13
2024-07-10 14:00:00,0.3962232,0.3800112,2024-07-10,14
2024-07-10 15:00:00,0.3216235,0.3042559,2024-07-10,15
2024-07-10 16:00:00,0.1542881,0.1479673,2024-07-10,16
2024-07-10 17:00:00,0.09583122,0.08283781,2024-07-10,17
2024-07-10 18:00:00,0.0111034,0.0,2024-07-10,18
2024-07-10 19:00:00,0.0,0.0,2024-07-10,19
2024-07-10 20:00:00,0.0,0.0,2024-07-10,20
2024-07-10 21:00:00,0.0,0.0,2024-07-10,21
2024-07-10 22:00:00,0.0,0.0,2024-07-10,22
2024-07-10 23:00:00,0.0,0.0,2024-07-10,23
2024-07-11 00:00:00,0.0,0.0,2024-07-11,0
2024-07-11 01:00:00,0.0,0.0,2024-07-11,1
2024-07-11 02:00:00,0.0,0.0,2024-07-11,2
2024-07-11 03:00:00,0.0,0.0,2024-07-11,3
2024-07-11 04:00:00,0.0,0.0,2024-07-11,4
2024-07-11 05:00:00,0.05594325,0.03951804,2024-07-11,5
2024-07-11 06:00:00,0.1279195,0.1212337,2024-07-11,6
2024-07-11 07:00:00,0.3922142,0.3413332,2024-07-11,7
2024-07-11 08:00:00,0.510931,0.470245,2024-07-11,8
2024-07-11 09:00:00,0.6928712,0.6448983,2024-07-11,9
2024-07-11 10:00:00,0.7920111,0.7464322,2024-07-11,10
2024-07-11 11:00:00,0.9545547,0.8994968,2024-07-11,11
2024-07-11 12:00:00,1.052741,0.9879941,2024-07-11,12
2024-07-11 13:00:00,0.8399245,0.7809106,2024-07-11,13
2024-07-11 14:00:00,0.4728874,0.448051,2024-07-11,14
2024-07-11 15:00:00,0.6346814,0.5397812,2024-07-11,15
2024-07-11 16:00:00,0.4248109,0.3128714,2024-07-11,16
2024-07-11 17:00:00,0.1201457,0.0874464,2024-07-11,17
2024-07-11 18:00:00,0.01447593,0.0,2024-07-11,18
2024-07-11 19:00:00,0.0,0.0,2024-07-11,19
2024-07-11 20:00:00,0.0,0.0,2024-07-11,20
2024-07-11 21:00:00,0.0,0.0,2024-07-11,21
2024-07-11 22:00:00,0.0,0.0,2024-07-11,22
2024-07-11 23:00:00,0.0,0.0,2024-07-11,23
2024-07-12 00:00:00,0.0,0.0,2024-07-12,0
2024-07-12 01:00:00,0.0,0.0,2024-07-12,1
2024-07-12 02:00:00,0.0,0.0,2024-07-12,2
2024-07-12 03:00:00,0.0,0.0,2024-07-12,3
2024-07-12 04:00:00,0.0,0.0,2024-07-12,4
2024-07-12 05:00:00,0.04176493,0.03689112,2024-07-12,5
2024-07-12 06:00:00,0.1341229,0.126354,2024-07-12,6
2024-07-12 07:00:00,0.09963074,0.09654491,2024-07-12,7
2024-07-12 08:00:00,0.2199722,0.2131932,2024-07-12,8
2024-07-12 09:00:00,0.341601,0.3308177,2024-07-12,9
2024-07-12 10:00:00,0.3144315,0.3051699,2024-07-12,10
2024-07-12 11:00:00,0.2999762,0.2912369,2024-07-12,11
2024-07-12 12:00:00,0.5403035,0.52117,2024-07-12,12
2024-07-12 13:00:00,0.3488722,0.3381964,2024-07-12,13
2024-07-12 14:00:00,0.2425895,0.2352336,2024-07-12,14
2024-07-12 15:00:00,0.1062615,0.1030464,2024-07-12,15
2024-07-12 16:00:00,0.1149628,0.1110502,2024-07-12,16
2024-07-12 17:00:00,0.04627724,0.04437509,2024-07-12,17
2024-07-12 18:00:00,0.001010185,0.0,2024-07-12,18
2024-07-12 19:00:00,0.0,0.0,2024-07-12,19
2024-07-12 20:00:00,0.0,0.0,2024-07-12,20
2024-07-12 21:00:00,0.0,0.0,2024-07-12,21
2024-07-12 22:00:00,0.0,0.0,2024-07-12,22
2024-07-12 23:00:00,0.0,0.0,2024-07-12,23
2024-07-13 00:00:00,0.0,0.0,2024-07-13,0
2024-07-13 01:00:00,0.0,0.0,2024-07-13,1
2024-07-13 02:00:00,0.0,0.0,2024-07-13,2
2024-07-13 03:00:00,0.0,0.0,2024-07-13,3
2024-07-13 04:00:00,0.0,0.0,2024-07-13,4
2024-07-13 05:00:00,0.04427755,0.03772646,2024-07-13,5
2024-07-13 06:00:00,0.2940921,0.1931195,2024-07-13,6
2024-07-13 07:00:00,0.459049,0.3836508,2024-07-13,7
2024-07-13 08:00:00,0.6697384,0.5960431,2024-07-13,8
2024-07-13 09:00:00,0.8327597,0.7670772,2024-07-13,9
2024-07-13 10:00:00,0.863067,0.8111761,2024-07-13,10
2024-07-13 11:00:00,0.9759102,0.9208175,2024-07-13,11
2024-07-13 12:00:00,0.6889462,0.6581574,2024-07-13,12
2024-07-13 13:00:00,0.7883685,0.7368886,2024-07-13,13
2024-07-13 14:00:00,0.5940549,0.5501014,2024-07-13,14
2024-07-13 15:00:00,0.440207,0.3970221,2024-07-13,15
2024-07-13 16:00:00,0.2267924,0.2069714,2024-07-13,16
2024-07-13 17:00:00,0.09909456,0.08416287,2024-07-13,17
2024-07-13 18:00:00,0.008113257,0.0,2024-07-13,18
2024-07-13 19:00:00,0.0,0.0,2024-07-13,19
2024-07-13 20:00:00,0.0,0.0,2024-07-13,20
2024-07-13 21:00:00,0.0,0.0,2024-07-13,21
2024-07-13 22:00:00,0.0,0.0,2024-07-13,22
2024-07-13 23:00:00,0.0,0.0,2024-07-13,23
2024-07-14 00:00:00,0.0,0.0,2024-07-14,0
2024-07-14 01:00:00,0.0,0.0,2024-07-14,1
2024-07-14 02:00:00,0.0,0.0,2024-07-14,2
2024-07-14 03:00:00,0.0,0.0,2024-07-14,3
2024-07-14 04:00:00,0.0,0.0,2024-07-14,4
2024-07-14 05:00:00,0.02756394,0.0261317,2024-07-14,5
2024-07-14 06:00:00,0.1072301,0.1028463,2024-07-14,6
2024-07-14 07:00:00,0.252876,0.2399097,2024-07-14,7
2024-07-14 08:00:00,0.3728579,0.3558422,2024-07-14,8
2024-07-14 09:00:00,0.443271,0.4265714,2024-07-14,9
2024-07-14 10:00:00,0.4178029,0.4047872,2024-07-14,10
2024-07-14 11:00:00,0.2381002,0.2311946,2024-07-14,11
2024-07-14 12:00:00,0.2717107,0.2638038,2024-07-14,12
2024-07-14 13:00:00,0.2642229,0.2564473,2024-07-14,13
2024-07-14 14:00:00,0.1574417,0.1527774,2024-07-14,14
2024-07-14 15:00:00,0.2071759,0.200431,2024-07-14,15
2024-07-14 16:00:00,0.05544148,0.05371719,2024-07-14,16
2024-07-14 17:00:00,0.03106207,0.02992447,2024-07-14,17
2024-07-14 18:00:00,0.004362611,0.0,2024-07-14,18
2024-07-14 19:00:00,0.0,0.0,2024-07-14,19
2024-07-14 20:00:00,0.0,0.0,2024-07-14,20
2024-07-14 21:00:00,0.0,0.0,2024-07-14,21
2024-07-14 22:00:00,0.0,0.0,2024-07-14,22
2024-07-14 23:00:00,0.0,0.0,2024-07-14,23
2024-07-15 00:00:00,0.0,0.0,2024-07-15,0
2024-07-15 01:00:00,0.0,0.0,2024-07-15,1
2024-07-15 02:00:00,0.0,0.0,2024-07-15,2
2024-07-15 03:00:00,0.0,0.0,2024-07-15,3
2024-07-15 04:00:00,0.0,0.0,2024-07-15,4
2024-07-15 05:00:00,0.05789654,0.03537923,2024-07-15,5
2024-07-15 06:00:00,0.1018728,0.09788521,2024-07-15,6
2024-07-15 07:00:00,0.1795192,0.173394,2024-07-15,7
2024-07-15 08:00:00,0.4480356,0.4204121,2024-07-15,8
2024-07-15 09:00:00,0.5968013,0.5641755,2024-07-15,9
2024-07-15 10:00:00,0.8320854,0.7847547,2024-07-15,10
2024-07-15 11:00:00,0.8871539,0.8409038,2024-07-15,11
2024-07-15 12:00:00,0.8196576,0.7772849,2024-07-15,12
2024-07-15 13:00:00,0.8674878,0.808918,2024-07-15,13
2024-07-15 14:00:00,0.6849582,0.6262081,2024-07-15,14
2024-07-15 15:00:00,0.5206342,0.4555417,2024-07-15,15
2024-07-15 16:00:00,0.3371406,0.2670332,2024-07-15,16
2024-07-15 17:00:00,0.1527165,0.07834455,2024-07-15,17
2024-07-15 18:00:00,0.009364065,0.0,2024-07-15,18
2024-07-15 19:00:00,0.0,0.0,2024-07-15,19
2024-07-15 20:00:00,0.0,0.0,2024-07-15,20
2024-07-15 21:00:00,0.0,0.0,2024-07-15,21
2024-07-15 22:00:00,0.0,0.0,2024-07-15,22
2024-07-15 23:00:00,0.0,0.0,2024-07-15,23
2024-07-16 00:00:00,0.0,0.0,2024-07-16,0
2024-07-16 01:00:00,0.0,0.0,2024-07-16,1
2024-07-16 02:00:00,0.0,0.0,2024-07-16,2
2024-07-16 03:00:00,0.0,0.0,2024-07-16,3
2024-07-16 04:00:00,0.0,0.0,2024-07-16,4
2024-07-16 05:00:00,0.03074027,0.02885378,2024-07-16,5
2024-07-16 06:00:00,0.07731644,0.07457928,2024-07-16,6
2024-07-16 07:00:00,0.2970082,0.2759321,2024-07-16,7
2024-07-16 08:00:00,0.606206,0.5468237,2024-07-16,8
2024-07-16 09:00:00,0.4567735,0.4392275,2024-07-16,9
2024-07-16 10:00:00,0.6634687,0.6338245,2024-07-16,10
2024-07-16 11:00:00,0.8805703,0.8356813,2024-07-16,11
2024-07-16 12:00:00,1.014866,0.9575061,2024-07-16,12
2024-07-16 13:00:00,0.8167142,0.7643369,2024-07-16,13
2024-07-16 14:00:00,0.6372146,0.5873321,2024-07-16,14
2024-07-16 15:00:00,0.6489919,0.5566413,2024-07-16,15
2024-07-16 16:00:00,0.4008852,0.3016022,2024-07-16,16
2024-07-16 17:00:00,0.1408284,0.08278304,2024-07-16,17
2024-07-16 18:00:00,0.009390245,0.0,2024-07-16,18
2024-07-16 19:00:00,0.0,0.0,2024-07-16,19
2024-07-16 20:00:00,0.0,0.0,2024-07-16,20
2024-07-16 21:00:00,0.0,0.0,2024-07-16,21
2024-07-16 22:00:00,0.0,0.0,2024-07-16,22
2024-07-16 23:00:00,0.0,0.0,2024-07-16,23
2024-07-17 00:00:00,0.0,0.0,2024-07-17,0
2024-07-17 01:00:00,0.0,0.0,2024-07-17,1
2024-07-17 02:00:00,0.0,0.0,2024-07-17,2
2024-07-17 03:00:00,0.0,0.0,2024-07-17,3
2024-07-17 04:00:00,0.0,0.0,2024-07-17,4
2024-07-17 05:00:00,0.04679063,0.03664525,2024-07-17,5
2024-07-17 06:00:00,0.1701495,0.1513878,2024-07-17,6
2024-07-17 07:00:00,0.3170708,0.2911647,2024-07-17,7
2024-07-17 08:00:00,0.3163874,0.3047491,2024-07-17,8
2024-07-17 09:00:00,0.4068104,0.392819,2024-07-17,9
2024-07-17 10:00:00,0.636724,0.6098729,2024-07-17,10
2024-07-17 11:00:00,0.7468806,0.7142558,2024-07-17,11
2024-07-17 12:00:00,0.5243044,0.5068011,2024-07-17,12
2024-07-17 13:00:00,0.4718544,0.4552307,2024-07-17,13
2024-07-17 14:00:00,0.1899185,0.1842715,2024-07-17,14
2024-07-17 15:00:00,0.2283991,0.2206273,2024-07-17,15
2024-07-17 16:00:00,0.3192771,0.2595595,2024-07-17,16
2024-07-17 17:00:00,0.09439089,0.08200771,2024-07-17,17
2024-07-17 18:00:00,0.007293097,0.0,2024-07-17,18
2024-07-17 19:00:00,0.0,0.0,2024-07-17,19
2024-07-17 20:00:00,0.0,0.0,2024-07-17,20
2024-07-17 21:00:00,0.0,0.0,2024-07-17,21
2024-07-17 22:00:00,0.0,0.0,2024-07-17,22
2024-07-17 23:00:00,0.0,0.0,2024-07-17,23
2024-07-18 00:00:00,0.0,0.0,2024-07-18,0
2024-07-18 01:00:00,0.0,0.0,2024-07-18,1
2024-07-18 02:00:00,0.0,0.0,2024-07-18,2
2024-07-18 03:00:00,0.0,0.0,2024-07-18,3
2024-07-18 04:00:00,0.0,0.0,2024-07-18,4
2024-07-18 05:00:00,0.03844021,0.03388541,2024-07-18,5
2024-07-18 06:00:00,0.2415994,0.1780119,2024-07-18,6
2024-07-18 07:00:00,0.3654872,0.3251669,2024-07-18,7
2024-07-18 08:00:00,0.5994328,0.5426762,2024-07-18,8
2024-07-18 09:00:00,0.898394,0.8310798,2024-07-18,9
2024-07-18 10:00:00,0.7400515,0.7039685,2024-07-18,10
2024-07-18 11:00:00,0.8164468,0.7785304,2024-07-18,11
2024-07-18 12:00:00,0.9075475,0.8599516,2024-07-18,12
2024-07-18 13:00:00,0.8353297,0.7828214,2024-07-18,13
2024-07-18 14:00:00,0.8487256,0.7720387,2024-07-18,14
2024-07-18 15:00:00,0.5996749,0.5180314,2024-07-18,15
2024-07-18 16:00:00,0.3455662,0.2727406,2024-07-18,16
2024-07-18 17:00:00,0.1423574,0.08198837,2024-07-18,17
2024-07-18 18:00:00,0.00786683,0.0,2024-07-18,18
2024-07-18 19:00:00,0.0,0.0,2024-07-18,19
2024-07-18 20:00:00,0.0,0.0,2024-07-18,20
2024-07-18 21:00:00,0.0,0.0,2024-07-18,21
2024-07-18 22:00:00,0.0,0.0,2024-07-18,22
2024-07-18 23:00:00,0.0,0.0,2024-07-18,23
2024-07-19 00:00:00,0.0,0.0,2024-07-19,0
2024-07-19 01:00:00,0.0,0.0,2024-07-19,1
2024-07-19 02:00:00,0.0,0.0,2024-07-19,2
2024-07-19 03:00:00,0.0,0.0,2024-07-19,3
2024-07-19 04:00:00,0.0,0.0,2024-07-19,4
2024-07-19 05:00:00,0.01336096,0.0128299,2024-07-19,5
2024-07-19 06:00:00,0.06298144,0.0608392,2024-07-19,6
2024-07-19 07:00:00,0.1963901,0.1892782,2024-07-19,7
2024-07-19 08:00:00,0.2338702,0.2266341,2024-07-19,8
2024-07-19 09:00:00,0.3552876,0.3440863,2024-07-19,9
2024-07-19 10:00:00,0.2514552,0.2441507,2024-07-19,10
2024-07-19 11:00:00,0.2335811,0.2268319,2024-07-19,11
2024-07-19 12:00:00,0.2107805,0.2046831,2024-07-19,12
2024-07-19 13:00:00,0.1644546,0.1596718,2024-07-19,13
2024-07-19 14:00:00,0.2008481,0.1948759,2024-07-19,14
2024-07-19 15:00:00,0.112276,0.1088881,2024-07-19,15
2024-07-19 16:00:00,0.06661349,0.06451859,2024-07-19,16
2024-07-19 17:00:00,0.02695794,0.02600249,2024-07-19,17
2024-07-19 18:00:00,0.006395335,0.0,2024-07-19,18
2024-07-19 19:00:00,0.0,0.0,2024-07-19,19
2024-07-19 20:00:00,0.0,0.0,2024-07-19,20
2024-07-19 21:00:00,0.0,0.0,2024-07-19,21
2024-07-19 22:00:00,0.0,0.0,2024-07-19,22
2024-07-19 23:00:00,0.0,0.0,2024-07-19,23
2024-07-20 00:00:00,0.0,0.0,2024-07-20,0
2024-07-20 01:00:00,0.0,0.0,2024-07-20,1
2024-07-20 02:00:00,0.0,0.0,2024-07-20,2
2024-07-20 03:00:00,0.0,0.0,2024-07-20,3
2024-07-20 04:00:00,0.0,0.0,2024-07-20,4
2024-07-20 05:00:00,0.000696805,0.000676123,2024-07-20,5
2024-07-20 06:00:00,0.004695055,0.004556794,2024-07-20,6
2024-07-20 07:00:00,0.02319588,0.02251362,2024-07-20,7
2024-07-20 08:00:00,0.03215658,0.03121801,2024-07-20,8
2024-07-20 09:00:00,0.01865645,0.01811328,2024-07-20,9
2024-07-20 10:00:00,0.09940637,0.09652821,2024-07-20,10
2024-07-20 11:00:00,0.1781851,0.1730415,2024-07-20,11
2024-07-20 12:00:00,0.05718555,0.05552836,2024-07-20,12
2024-07-20 13:00:00,0.06611604,0.06419754,2024-07-20,13
2024-07-20 14:00:00,0.09916894,0.09626734,2024-07-20,14
2024-07-20 15:00:00,0.07476284,0.07254172,2024-07-20,15
2024-07-20 16:00:00,0.02625257,0.02546766,2024-07-20,16
2024-07-20 17:00:00,0.06817422,0.06434714,2024-07-20,17
2024-07-20 18:00:00,0.003123112,0.0,2024-07-20,18
2024-07-20 19:00:00,0.0,0.0,2024-07-20,19
2024-07-20 20:00:00,0.0,0.0,2024-07-20,20
2024-07-20 21:00:00,0.0,0.0,2024-07-20,21
2024-07-20 22:00:00,0.0,0.0,2024-07-20,22
2024-07-20 23:00:00,0.0,0.0,2024-07-20,23
2024-07-21 00:00:00,0.0,0.0,2024-07-21,0
2024-07-21 01:00:00,0.0,0.0,2024-07-21,1
2024-07-21 02:00:00,0.0,0.0,2024-07-21,2
2024-07-21 03:00:00,0.0,0.0,2024-07-21,3
2024-07-21 04:00:00,0.0,0.0,2024-07-21,4
2024-07-21 05:00:00,0.06155818,0.02551349,2024-07-21,5
2024-07-21 06:00:00,0.2888254,0.1922225,2024-07-21,6
2024-07-21 07:00:00,0.4923396,0.4108913,2024-07-21,7
2024-07-21 08:00:00,0.7010225,0.6291132,2024-07-21,8
2024-07-21 09:00:00,0.7704327,0.7189181,2024-07-21,9
2024-07-21 10:00:00,0.7463003,0.7115572,2024-07-21,10
2024-07-21 11:00:00,0.8326244,0.7957552,2024-07-21,11
2024-07-21 12:00:00,0.8441933,0.8044854,2024-07-21,12
2024-07-21 13:00:00,0.8289742,0.7800812,2024-07-21,13
2024-07-21 14:00:00,0.7499581,0.6873521,2024-07-21,14
2024-07-21 15:00:00,0.4528525,0.4098956,2024-07-21,15
2024-07-21 16:00:00,0.3654941,0.2850034,2024-07-21,16
2024-07-21 17:00:00,0.1392791,0.08225364,2024-07-21,17
2024-07-21 18:00:00,0.008601149,0.0,2024-07-21,18
2024-07-21 19:00:00,0.0,0.0,2024-07-21,19
2024-07-21 20:00:00,0.0,0.0,2024-07-21,20
2024-07-21 21:00:00,0.0,0.0,2024-07-21,21
2024-07-21 22:00:00,0.0,0.0,2024-07-21,22
2024-07-21 23:00:00,0.0,0.0,2024-07-21,23
2024-07-22 00:00:00,0.0,0.0,2024-07-22,0
2024-07-22 01:00:00,0.0,0.0,2024-07-22,1
2024-07-22 02:00:00,0.0,0.0,2024-07-22,2
2024-07-22 03:00:00,0.0,0.0,2024-07-22,3
2024-07-22 04:00:00,0.0,0.0,2024-07-22,4
2024-07-22 05:00:00,0.06692812,0.01864627,2024-07-22,5
2024-07-22 06:00:00,0.2383452,0.1767613,2024-07-22,6
2024-07-22 07:00:00,0.502436,0.4191374,2024-07-22,7
2024-07-22 08:00:00,0.7359502,0.6607127,2024-07-22,8
2024-07-22 09:00:00,0.9377783,0.8722492,2024-07-22,9
2024-07-22 10:00:00,1.036597,0.9810586,2024-07-22,10
2024-07-22 11:00:00,1.053695,1.003729,2024-07-22,11
2024-07-22 12:00:00,1.074586,1.021225,2024-07-22,12
2024-07-22 13:00:00,1.007562,0.9463736,2024-07-22,13
2024-07-22 14:00:00,0.6252893,0.581607,2024-07-22,14
2024-07-22 15:00:00,0.5457812,0.4798208,2024-07-22,15
2024-07-22 16:00:00,0.4084761,0.3119056,2024-07-22,16
2024-07-22 17:00:00,0.1566714,0.07608109,2024-07-22,17
2024-07-22 18:00:00,0.007594505,0.0,2024-07-22,18
2024-07-22 19:00:00,0.0,0.0,2024-07-22,19
2024-07-22 20:00:00,0.0,0.0,2024-07-22,20
2024-07-22 21:00:00,0.0,0.0,2024-07-22,21
2024-07-22 22:00:00,0.0,0.0,2024-07-22,22
2024-07-22 23:00:00,0.0,0.0,2024-07-22,23
2024-07-23 00:00:00,0.0,0.0,2024-07-23,0
2024-07-23 01:00:00,0.0,0.0,2024-07-23,1
2024-07-23 02:00:00,0.0,0.0,2024-07-23,2
2024-07-23 03:00:00,0.0,0.0,2024-07-23,3
2024-07-23 04:00:00,0.0,0.0,2024-07-23,4
2024-07-23 05:00:00,0.004452748,0.004307654,2024-07-23,5
2024-07-23 06:00:00,0.04702288,0.04549251,2024-07-23,6
2024-07-23 07:00:00,0.1058565,0.1025886,2024-07-23,7
2024-07-23 08:00:00,0.2612203,0.2529178,2024-07-23,8
2024-07-23 09:00:00,0.2160565,0.2097315,2024-07-23,9
2024-07-23 10:00:00,0.09241736,0.08974387,2024-07-23,10
2024-07-23 11:00:00,0.08118255,0.07883579,2024-07-23,11
2024-07-23 12:00:00,0.2026239,0.1967807,2024-07-23,12
2024-07-23 13:00:00,0.1166976,0.1133159,2024-07-23,13
2024-07-23 14:00:00,0.08351099,0.08107472,2024-07-23,14
2024-07-23 15:00:00,0.08900263,0.08635014,2024-07-23,15
2024-07-23 16:00:00,0.06860568,0.06645057,2024-07-23,16
2024-07-23 17:00:00,0.03992496,0.03836655,2024-07-23,17
2024-07-23 18:00:00,0.002548247,0.0,2024-07-23,18
2024-07-23 19:00:00,0.0,0.0,2024-07-23,19
2024-07-23 20:00:00,0.0,0.0,2024-07-23,20
2024-07-23 21:00:00,0.0,0.0,2024-07-23,21
2024-07-23 22:00:00,0.0,0.0,2024-07-23,22
2024-07-23 23:00:00,0.0,0.0,2024-07-23,23
2024-07-24 00:00:00,0.0,0.0,2024-07-24,0
2024-07-24 01:00:00,0.0,0.0,2024-07-24,1
2024-07-24 02:00:00,0.0,0.0,2024-07-24,2
2024-07-24 03:00:00,0.0,0.0,2024-07-24,3
2024-07-24 04:00:00,0.0,0.0,2024-07-24,4
2024-07-24 05:00:00,0.04881307,0.03151916,2024-07-24,5
2024-07-24 06:00:00,0.2389723,0.1768913,2024-07-24,6
2024-07-24 07:00:00,0.4869114,0.4095056,2024-07-24,7
2024-07-24 08:00:00,0.757421,0.682345,2024-07-24,8
2024-07-24 09:00:00,0.940482,0.8775145,2024-07-24,9
2024-07-24 10:00:00,1.040346,0.9874045,2024-07-24,10
2024-07-24 11:00:00,0.9954035,0.9510921,2024-07-24,11
2024-07-24 12:00:00,0.846657,0.8096275,2024-07-24,12
2024-07-24 13:00:00,0.9651395,0.9094658,2024-07-24,13
2024-07-24 14:00:00,0.7427317,0.6844331,2024-07-24,14
2024-07-24 15:00:00,0.5531017,0.4873609,2024-07-24,15
2024-07-24 16:00:00,0.3631907,0.285859,2024-07-24,16
2024-07-24 17:00:00,0.1180343,0.08537557,2024-07-24,17
2024-07-24 18:00:00,0.005714407,0.0,2024-07-24,18
2024-07-24 19:00:00,0.0,0.0,2024-07-24,19
2024-07-24 20:00:00,0.0,0.0,2024-07-24,20
2024-07-24 21:00:00,0.0,0.0,2024-07-24,21
2024-07-24 22:00:00,0.0,0.0,2024-07-24,22
2024-07-24 23:00:00,0.0,0.0,2024-07-24,23
2024-07-25 00:00:00,0.0,0.0,2024-07-25,0
2024-07-25 01:00:00,0.0,0.0,2024-07-25,1
2024-07-25 02:00:00,0.0,0.0,2024-07-25,2
2024-07-25 03:00:00,0.0,0.0,2024-07-25,3
2024-07-25 04:00:00,0.0,0.0,2024-07-25,4
2024-07-25 05:00:00,0.01747628,0.01668608,2024-07-25,5
2024-07-25 06:00:00,0.07438894,0.07178716,2024-07-25,6
2024-07-25 07:00:00,0.1011278,0.09802249,2024-07-25,7
2024-07-25 08:00:00,0.08529893,0.08279631,2024-07-25,8
2024-07-25 09:00:00,0.1075888,0.1044646,2024-07-25,9
2024-07-25 10:00:00,0.3628161,0.3522386,2024-07-25,10
2024-07-25 11:00:00,0.28589,0.2776753,2024-07-25,11
2024-07-25 12:00:00,0.2391962,0.2323113,2024-07-25,12
2024-07-25 13:00:00,0.3035142,0.2946536,2024-07-25,13
2024-07-25 14:00:00,0.1975018,0.1916729,2024-07-25,14
2024-07-25 15:00:00,0.1607831,0.1558633,2024-07-25,15
2024-07-25 16:00:00,0.07778689,0.07531934,2024-07-25,16
2024-07-25 17:00:00,0.03865637,0.03716045,2024-07-25,17
2024-07-25 18:00:00,0.002728472,0.0,2024-07-25,18
2024-07-25 19:00:00,0.0,0.0,2024-07-25,19
2024-07-25 20:00:00,0.0,0.0,2024-07-25,20
2024-07-25 21:00:00,0.0,0.0,2024-07-25,21
2024-07-25 22:00:00,0.0,0.0,2024-07-25,22
2024-07-25 23:00:00,0.0,0.0,2024-07-25,23
2024-07-26 00:00:00,0.0,0.0,2024-07-26,0
2024-07-26 01:00:00,0.0,0.0,2024-07-26,1
2024-07-26 02:00:00,0.0,0.0,2024-07-26,2
2024-07-26 03:00:00,0.0,0.0,2024-07-26,3
2024-07-26 04:00:00,0.0,0.0,2024-07-26,4
2024-07-26 05:00:00,0.07631273,0.00647727,2024-07-26,5
2024-07-26 06:00:00,0.3291101,0.2173406,2024-07-26,6
2024-07-26 07:00:00,0.525252,0.4408344,2024-07-26,7
2024-07-26 08:00:00,0.7148032,0.6470386,2024-07-26,8
2024-07-26 09:00:00,0.6261938,0.5952851,2024-07-26,9
2024-07-26 10:00:00,1.00123,0.9532558,2024-07-26,10
2024-07-26 11:00:00,1.040725,0.9969801,2024-07-26,11
2024-07-26 12:00:00,0.9011607,0.8627298,2024-07-26,12
2024-07-26 13:00:00,0.964134,0.9114167,2024-07-26,13
2024-07-26 14:00:00,0.8592825,0.7924475,2024-07-26,14
2024-07-26 15:00:00,0.6168018,0.5412026,2024-07-26,15
2024-07-26 16:00:00,0.1911091,0.1804234,2024-07-26,16
2024-07-26 17:00:00,0.1488122,0.07700937,2024-07-26,17
2024-07-26 18:00:00,0.004131116,0.0,2024-07-26,18
2024-07-26 19:00:00,0.0,0.0,2024-07-26,19
2024-07-26 20:00:00,0.0,0.0,2024-07-26,20
2024-07-26 21:00:00,0.0,0.0,2024-07-26,21
2024-07-26 22:00:00,0.0,0.0,2024-07-26,22
2024-07-26 23:00:00,0.0,0.0,2024-07-26,23
2024-07-27 00:00:00,0.0,0.0,2024-07-27,0
2024-07-27 01:00:00,0.0,0.0,2024-07-27,1
2024-07-27 02:00:00,0.0,0.0,2024-07-27,2
2024-07-27 03:00:00,0.0,0.0,2024-07-27,3
2024-07-27 04:00:00,0.0,0.0,2024-07-27,4
2024-07-27 05:00:00,0.02713497,0.02530129,2024-07-27,5
2024-07-27 06:00:00,0.05100844,0.04933516,2024-07-27,6
2024-07-27 07:00:00,0.08385891,0.08131728,2024-07-27,7
2024-07-27 08:00:00,0.1604423,0.1556761,2024-07-27,8
2024-07-27 09:00:00,0.2554423,0.2479747,2024-07-27,9
2024-07-27 10:00:00,0.5591403,0.5408189,2024-07-27,10
2024-07-27 11:00:00,0.5239617,0.5083824,2024-07-27,11
2024-07-27 12:00:00,0.288307,0.2800295,2024-07-27,12
2024-07-27 13:00:00,0.4103784,0.3978883,2024-07-27,13
2024-07-27 14:00:00,0.2001701,0.1942755,2024-07-27,14
2024-07-27 15:00:00,0.1595033,0.1546399,2024-07-27,15
2024-07-27 16:00:00,0.0989547,0.09573537,2024-07-27,16
2024-07-27 17:00:00,0.02007486,0.0193984,2024-07-27,17
2024-07-27 18:00:00,0.001376665,0.0,2024-07-27,18
2024-07-27 19:00:00,0.0,0.0,2024-07-27,19
2024-07-27 20:00:00,0.0,0.0,2024-07-27,20
2024-07-27 21:00:00,0.0,0.0,2024-07-27,21
2024-07-27 22:00:00,0.0,0.0,2024-07-27,22
2024-07-27 23:00:00,0.0,0.0,2024-07-27,23
2024-07-28 00:00:00,0.0,0.0,2024-07-28,0
2024-07-28 01:00:00,0.0,0.0,2024-07-28,1
2024-07-28 02:00:00,0.0,0.0,2024-07-28,2
2024-07-28 03:00:00,0.0,0.0,2024-07-28,3
2024-07-28 04:00:00,0.0,0.0,2024-07-28,4
2024-07-28 05:00:00,0.01104635,0.01061301,2024-07-28,5
2024-07-28 06:00:00,0.06186777,0.05978155,2024-07-28,6
2024-07-28 07:00:00,0.1678685,0.1624067,2024-07-28,7
2024-07-28 08:00:00,0.2456755,0.2381163,2024-07-28,8
2024-07-28 09:00:00,0.3183863,0.3089293,2024-07-28,9
2024-07-28 10:00:00,0.2936943,0.285244,2024-07-28,10
2024-07-28 11:00:00,0.1620565,0.1574008,2024-07-28,11
2024-07-28 12:00:00,0.1648858,0.1601455,2024-07-28,12
2024-07-28 13:00:00,0.04916716,0.04774205,2024-07-28,13
2024-07-28 14:00:00,0.07554061,0.07334302,2024-07-28,14
2024-07-28 15:00:00,0.0327883,0.03182896,2024-07-28,15
2024-07-28 16:00:00,0.03638318,0.03528739,2024-07-28,16
2024-07-28 17:00:00,0.01751674,0.01693746,2024-07-28,17
2024-07-28 18:00:00,0.001594435,0.0,2024-07-28,18
2024-07-28 19:00:00,0.0,0.0,2024-07-28,19
2024-07-28 20:00:00,0.0,0.0,2024-07-28,20
2024-07-28 21:00:00,0.0,0.0,2024-07-28,21
2024-07-28 22:00:00,0.0,0.0,2024-07-28,22
2024-07-28 23:00:00,0.0,0.0,2024-07-28,23
2024-07-29 00:00:00,0.0,0.0,2024-07-29,0
2024-07-29 01:00:00,0.0,0.0,2024-07-29,1
2024-07-29 02:00:00,0.0,0.0,2024-07-29,2
2024-07-29 03:00:00,0.0,0.0,2024-07-29,3
2024-07-29 04:00:00,0.0,0.0,2024-07-29,4
2024-07-29 05:00:00,0.01747891,0.01666587,2024-07-29,5
2024-07-29 06:00:00,0.0419913,0.04064722,2024-07-29,6
2024-07-29 07:00:00,0.09280647,0.08998431,2024-07-29,7
2024-07-29 08:00:00,0.08914768,0.08653726,2024-07-29,8
2024-07-29 09:00:00,0.173668,0.1686293,2024-07-29,9
2024-07-29 10:00:00,0.1477785,0.1435239,2024-07-29,10
2024-07-29 11:00:00,0.3628973,0.3525625,2024-07-29,11
2024-07-29 12:00:00,0.1891416,0.1837128,2024-07-29,12
2024-07-29 13:00:00,0.0244824,0.02377102,2024-07-29,13
2024-07-29 14:00:00,0.04942715,0.0479905,2024-07-29,14
2024-07-29 15:00:00,0.05291224,0.05135817,2024-07-29,15
2024-07-29 16:00:00,0.06656619,0.06449307,2024-07-29,16
2024-07-29 17:00:00,0.02875746,0.02772164,2024-07-29,17
2024-07-29 18:00:00,0.002284213,0.0,2024-07-29,18
2024-07-29 19:00:00,0.0,0.0,2024-07-29,19
2024-07-29 20:00:00,0.0,0.0,2024-07-29,20
2024-07-29 21:00:00,0.0,0.0,2024-07-29,21
2024-07-29 22:00:00,0.0,0.0,2024-07-29,22
2024-07-29 23:00:00,0.0,0.0,2024-07-29,23
2024-07-30 00:00:00,0.0,0.0,2024-07-30,0
2024-07-30 01:00:00,0.0,0.0,2024-07-30,1
2024-07-30 02:00:00,0.0,0.0,2024-07-30,2
2024-07-30 03:00:00,0.0,0.0,2024-07-30,3
2024-07-30 04:00:00,0.0,0.0,2024-07-30,4
2024-07-30 05:00:00,0.01068813,0.01026874,2024-07-30,5
2024-07-30 06:00:00,0.04038832,0.03910172,2024-07-30,6
2024-07-30 07:00:00,0.03163312,0.03070195,2024-07-30,7
2024-07-30 08:00:00,0.020603,0.02000286,2024-07-30,8
2024-07-30 09:00:00,0.03076827,0.02987464,2024-07-30,9
2024-07-30 10:00:00,0.003694782,0.003586888,2024-07-30,10
2024-07-30 11:00:00,0.02917662,0.02832995,2024-07-30,11
2024-07-30 12:00:00,0.03254173,0.03159783,2024-07-30,12
2024-07-30 13:00:00,0.01242674,0.01206488,2024-07-30,13
2024-07-30 14:00:00,0.000669628,0.000650035,2024-07-30,14
2024-07-30 15:00:00,0.01635569,0.01587835,2024-07-30,15
2024-07-30 16:00:00,0.02667695,0.02588213,2024-07-30,16
2024-07-30 17:00:00,0.02404605,0.02320974,2024-07-30,17
2024-07-30 18:00:00,0.001305846,0.0,2024-07-30,18
2024-07-30 19:00:00,0.0,0.0,2024-07-30,19
2024-07-30 20:00:00,0.0,0.0,2024-07-30,20
2024-07-30 21:00:00,0.0,0.0,2024-07-30,21
2024-07-30 22:00:00,0.0,0.0,2024-07-30,22
2024-07-30 23:00:00,0.0,0.0,2024-07-30,23
2024-07-31 00:00:00,0.0,0.0,2024-07-31,0
2024-07-31 01:00:00,0.0,0.0,2024-07-31,1
2024-07-31 02:00:00,0.0,0.0,2024-07-31,2
2024-07-31 03:00:00,0.0,0.0,2024-07-31,3
2024-07-31 04:00:00,0.0,0.0,2024-07-31,4
2024-07-31 05:00:00,0.006743188,0.006504935,2024-07-31,5
2024-07-31 06:00:00,0.03901822,0.03778047,2024-07-31,6
2024-07-31 07:00:00,0.0776789,0.07534237,2024-07-31,7
2024-07-31 08:00:00,0.147125,0.142787,2024-07-31,8
2024-07-31 09:00:00,0.1695979,0.164688,2024-07-31,9
2024-07-31 10:00:00,0.1701276,0.1652409,2024-07-31,10
2024-07-31 11:00:00,0.1393442,0.135344,2024-07-31,11
2024-07-31 12:00:00,0.1238961,0.1203338,2024-07-31,12
2024-07-31 13:00:00,0.08336341,0.08095478,2024-07-31,13
2024-07-31 14:00:00,0.1033004,0.1002969,2024-07-31,14
2024-07-31 15:00:00,0.09267908,0.08993224,2024-07-31,15
2024-07-31 16:00:00,0.07248738,0.07021889,2024-07-31,16
2024-07-31 17:00:00,0.05029527,0.04815654,2024-07-31,17
2024-07-31 18:00:00,0.000815266,0.0,2024-07-31,18
2024-07-31 19:00:00,0.0,0.0,2024-07-31,19
2024-07-31 20:00:00,0.0,0.0,2024-07-31,20
2024-07-31 21:00:00,0.0,0.0,2024-07-31,21
2024-07-31 22:00:00,0.0,0.0,2024-07-31,22
2024-07-31 23:00:00,0.0,0.0,2024-07-31,23
2024-08-01 00:00:00,0.0,0.0,2024-08-01,0
2024-08-01 01:00:00,0.0,0.0,2024-08-01,1
2024-08-01 02:00:00,0.0,0.0,2024-08-01,2
2024-08-01 03:00:00,0.0,0.0,2024-08-01,3
2024-08-01 04:00:00,0.0,0.0,2024-08-01,4
2024-08-01 05:00:00,0.005276176,0.005096889,2024-08-01,5
2024-08-01 06:00:00,0.02469112,0.02393438,2024-08-01,6
2024-08-01 07:00:00,0.01722108,0.01671697,2024-08-01,7
2024-08-01 08:00:00,0.1018436,0.09886349,2024-08-01,8
2024-08-01 09:00:00,0.1624783,0.1577799,2024-08-01,9
2024-08-01 10:00:00,0.1090819,0.1059412,2024-08-01,10
2024-08-01 11:00:00,0.09690553,0.09411626,2024-08-01,11
2024-08-01 12:00:00,0.1074924,0.1043998,2024-08-01,12
2024-08-01 13:00:00,0.123903,0.1203316,2024-08-01,13
2024-08-01 14:00:00,0.103453,0.1004472,2024-08-01,14
2024-08-01 15:00:00,0.04423182,0.04293688,2024-08-01,15
2024-08-01 16:00:00,0.03393427,0.03291709,2024-08-01,16
2024-08-01 17:00:00,0.01471587,0.01423844,2024-08-01,17
2024-08-01 18:00:00,0.000866652,0.0,2024-08-01,18
2024-08-01 19:00:00,0.0,0.0,2024-08-01,19
2024-08-01 20:00:00,0.0,0.0,2024-08-01,20
2024-08-01 21:00:00,0.0,0.0,2024-08-01,21
2024-08-01 22:00:00,0.0,0.0,2024-08-01,22
2024-08-01 23:00:00,0.0,0.0,2024-08-01,23
2024-08-02 00:00:00,0.0,0.0,2024-08-02,0
2024-08-02 01:00:00,0.0,0.0,2024-08-02,1
2024-08-02 02:00:00,0.0,0.0,2024-08-02,2
2024-08-02 03:00:00,0.0,0.0,2024-08-02,3
2024-08-02 04:00:00,0.0,0.0,2024-08-02,4
2024-08-02 05:00:00,0.0405034,0.02764534,2024-08-02,5
2024-08-02 06:00:00,0.2076122,0.1676691,2024-08-02,6
2024-08-02 07:00:00,0.4123127,0.3642114,2024-08-02,7
2024-08-02 08:00:00,0.6485493,0.598447,2024-08-02,8
2024-08-02 09:00:00,0.9139804,0.8670746,2024-08-02,9
2024-08-02 10:00:00,0.845974,0.8160636,2024-08-02,10
2024-08-02 11:00:00,0.9426783,0.9135407,2024-08-02,11
2024-08-02 12:00:00,0.9769171,0.9446644,2024-08-02,12
2024-08-02 13:00:00,0.9480719,0.9073253,2024-08-02,13
2024-08-02 14:00:00,0.7382768,0.6920874,2024-08-02,14
2024-08-02 15:00:00,0.3885498,0.3645788,2024-08-02,15
2024-08-02 16:00:00,0.2628742,0.2332878,2024-08-02,16
2024-08-02 17:00:00,0.07886016,0.07111356,2024-08-02,17
2024-08-02 18:00:00,0.004104678,0.0,2024-08-02,18
2024-08-02 19:00:00,0.0,0.0,2024-08-02,19
2024-08-02 20:00:00,0.0,0.0,2024-08-02,20
2024-08-02 21:00:00,0.0,0.0,2024-08-02,21
2024-08-02 22:00:00,0.0,0.0,2024-08-02,22
2024-08-02 23:00:00,0.0,0.0,2024-08-02,23
2024-08-03 00:00:00,0.0,0.0,2024-08-03,0
2024-08-03 01:00:00,0.0,0.0,2024-08-03,1
2024-08-03 02:00:00,0.0,0.0,2024-08-03,2
2024-08-03 03:00:00,0.0,0.0,2024-08-03,3
2024-08-03 04:00:00,0.0,0.0,2024-08-03,4
2024-08-03 05:00:00,0.0340411,0.02758159,2024-08-03,5
2024-08-03 06:00:00,0.2126081,0.1697039,2024-08-03,6
2024-08-03 07:00:00,0.4459885,0.3896167,2024-08-03,7
2024-08-03 08:00:00,0.6628813,0.6124332,2024-08-03,8
2024-08-03 09:00:00,0.9320318,0.8859544,2024-08-03,9
2024-08-03 10:00:00,0.8951864,0.8644233,2024-08-03,10
2024-08-03 11:00:00,0.9388947,0.9113978,2024-08-03,11
2024-08-03 12:00:00,0.9817142,0.9509289,2024-08-03,12
2024-08-03 13:00:00,0.859641,0.824891,2024-08-03,13
2024-08-03 14:00:00,0.8420255,0.7894863,2024-08-03,14
2024-08-03 15:00:00,0.6757675,0.6044158,2024-08-03,15
2024-08-03 16:00:00,0.4178773,0.3323453,2024-08-03,16
2024-08-03 17:00:00,0.1484338,0.07187766,2024-08-03,17
2024-08-03 18:00:00,0.004967751,0.0,2024-08-03,18
2024-08-03 19:00:00,0.0,0.0,2024-08-03,19
2024-08-03 20:00:00,0.0,0.0,2024-08-03,20
2024-08-03 21:00:00,0.0,0.0,2024-08-03,21
2024-08-03 22:00:00,0.0,0.0,2024-08-03,22
2024-08-03 23:00:00,0.0,0.0,2024-08-03,23
2024-08-04 00:00:00,0.0,0.0,2024-08-04,0
2024-08-04 01:00:00,0.0,0.0,2024-08-04,1
2024-08-04 02:00:00,0.0,0.0,2024-08-04,2
2024-08-04 03:00:00,0.0,0.0,2024-08-04,3
2024-08-04 04:00:00,0.0,0.0,2024-08-04,4
2024-08-04 05:00:00,0.04481968,0.02358663,2024-08-04,5
2024-08-04 06:00:00,0.2069737,0.1677492,2024-08-04,6
2024-08-04 07:00:00,0.5147933,0.4446016,2024-08-04,7
2024-08-04 08:00:00,0.6101754,0.5676361,2024-08-04,8
2024-08-04 09:00:00,0.6030952,0.5801957,2024-08-04,9
2024-08-04 10:00:00,0.9042909,0.8746888,2024-08-04,10
2024-08-04 11:00:00,0.8602171,0.8367121,2024-08-04,11
2024-08-04 12:00:00,0.8417116,0.8173862,2024-08-04,12
2024-08-04 13:00:00,0.5730441,0.5550399,2024-08-04,13
2024-08-04 14:00:00,0.4694753,0.4514568,2024-08-04,14
2024-08-04 15:00:00,0.404555,0.3786494,2024-08-04,15
2024-08-04 16:00:00,0.2980269,0.2551871,2024-08-04,16
2024-08-04 17:00:00,0.1361379,0.07383371,2024-08-04,17
2024-08-04 18:00:00,0.004402074,0.0,2024-08-04,18
2024-08-04 19:00:00,0.0,0.0,2024-08-04,19
2024-08-04 20:00:00,0.0,0.0,2024-08-04,20
2024-08-04 21:00:00,0.0,0.0,2024-08-04,21
2024-08-04 22:00:00,0.0,0.0,2024-08-04,22
2024-08-04 23:00:00,0.0,0.0,2024-08-04,23
2024-08-05 00:00:00,0.0,0.0,2024-08-05,0
2024-08-05 01:00:00,0.0,0.0,2024-08-05,1
2024-08-05 02:00:00,0.0,0.0,2024-08-05,2
2024-08-05 03:00:00,0.0,0.0,2024-08-05,3
2024-08-05 04:00:00,0.0,0.0,2024-08-05,4
2024-08-05 05:00:00,0.04867604,0.01906829,2024-08-05,5
2024-08-05 06:00:00,0.2462759,0.1827943,2024-08-05,6
2024-08-05 07:00:00,0.5153735,0.4466465,2024-08-05,7
2024-08-05 08:00:00,0.6336712,0.5895227,2024-08-05,8
2024-08-05 09:00:00,0.5884945,0.5672322,2024-08-05,9
2024-08-05 10:00:00,0.7972012,0.7732479,2024-08-05,10
2024-08-05 11:00:00,0.8769693,0.8542976,2024-08-05,11
2024-08-05 12:00:00,0.9536231,0.9270724,2024-08-05,12
2024-08-05 13:00:00,0.8426824,0.8117927,2024-08-05,13
2024-08-05 14:00:00,0.7166777,0.6766592,2024-08-05,14
2024-08-05 15:00:00,0.4421352,0.4100475,2024-08-05,15
2024-08-05 16:00:00,0.33786,0.2793967,2024-08-05,16
2024-08-05 17:00:00,0.1270274,0.07515036,2024-08-05,17
2024-08-05 18:00:00,0.002675357,0.0,2024-08-05,18
2024-08-05 19:00:00,0.0,0.0,2024-08-05,19
2024-08-05 20:00:00,0.0,0.0,2024-08-05,20
2024-08-05 21:00:00,0.0,0.0,2024-08-05,21
2024-08-05 22:00:00,0.0,0.0,2024-08-05,22
2024-08-05 23:00:00,0.0,0.0,2024-08-05,23
2024-08-06 00:00:00,0.0,0.0,2024-08-06,0
2024-08-06 01:00:00,0.0,0.0,2024-08-06,1
2024-08-06 02:00:00,0.0,0.0,2024-08-06,2
2024-08-06 03:00:00,0.0,0.0,2024-08-06,3
2024-08-06 04:00:00,0.0,0.0,2024-08-06,4
2024-08-06 05:00:00,0.01933472,0.01831479,2024-08-06,5
2024-08-06 06:00:00,0.07940724,0.07664663,2024-08-06,6
2024-08-06 07:00:00,0.2394696,0.2293655,2024-08-06,7
2024-08-06 08:00:00,0.2675316,0.2593726,2024-08-06,8
2024-08-06 09:00:00,0.6780257,0.6518252,2024-08-06,9
2024-08-06 10:00:00,0.7199526,0.6998663,2024-08-06,10
2024-08-06 11:00:00,0.5856162,0.5706884,2024-08-06,11
2024-08-06 12:00:00,0.8814309,0.8585637,2024-08-06,12
2024-08-06 13:00:00,0.6893862,0.6672199,2024-08-06,13
2024-08-06 14:00:00,0.3850315,0.3726842,2024-08-06,14
2024-08-06 15:00:00,0.3077626,0.2951576,2024-08-06,15
2024-08-06 16:00:00,0.1757552,0.1675125,2024-08-06,16
2024-08-06 17:00:00,0.05980184,0.05652629,2024-08-06,17
2024-08-06 18:00:00,0.003192541,0.0,2024-08-06,18
2024-08-06 19:00:00,0.0,0.0,2024-08-06,19
2024-08-06 20:00:00,0.0,0.0,2024-08-06,20
2024-08-06 21:00:00,0.0,0.0,2024-08-06,21
2024-08-06 22:00:00,0.0,0.0,2024-08-06,22
2024-08-06 23:00:00,0.0,0.0,2024-08-06,23
2024-08-07 00:00:00,0.0,0.0,2024-08-07,0
2024-08-07 01:00:00,0.0,0.0,2024-08-07,1
2024-08-07 02:00:00,0.0,0.0,2024-08-07,2
2024-08-07 03:00:00,0.0,0.0,2024-08-07,3
2024-08-07 04:00:00,0.0,0.0,2024-08-07,4
2024-08-07 05:00:00,0.04657148,0.01884825,2024-08-07,5
2024-08-07 06:00:00,0.1732339,0.1521913,2024-08-07,6
2024-08-07 07:00:00,0.1467963,0.1422644,2024-08-07,7
2024-08-07 08:00:00,0.3677232,0.354472,2024-08-07,8
2024-08-07 09:00:00,0.5927139,0.572552,2024-08-07,9
2024-08-07 10:00:00,0.7258918,0.706561,2024-08-07,10
2024-08-07 11:00:00,0.8256547,0.8068191,2024-08-07,11
2024-08-07 12:00:00,0.5398215,0.5258625,2024-08-07,12
2024-08-07 13:00:00,0.4677655,0.454597,2024-08-07,13
2024-08-07 14:00:00,0.150706,0.1463466,2024-08-07,14
2024-08-07 15:00:00,0.1397613,0.1356028,2024-08-07,15
2024-08-07 16:00:00,0.2111158,0.196973,2024-08-07,16
2024-08-07 17:00:00,0.08292487,0.07175907,2024-08-07,17
2024-08-07 18:00:00,0.003916111,0.0,2024-08-07,18
2024-08-07 19:00:00,0.0,0.0,2024-08-07,19
2024-08-07 20:00:00,0.0,0.0,2024-08-07,20
2024-08-07 21:00:00,0.0,0.0,2024-08-07,21
2024-08-07 22:00:00,0.0,0.0,2024-08-07,22
2024-08-07 23:00:00,0.0,0.0,2024-08-07,23
2024-08-08 00:00:00,0.0,0.0,2024-08-08,0
2024-08-08 01:00:00,0.0,0.0,2024-08-08,1
2024-08-08 02:00:00,0.0,0.0,2024-08-08,2
2024-08-08 03:00:00,0.0,0.0,2024-08-08,3
2024-08-08 04:00:00,0.0,0.0,2024-08-08,4
2024-08-08 05:00:00,0.05334583,0.01082242,2024-08-08,5
2024-08-08 06:00:00,0.128616,0.1211645,2024-08-08,6
2024-08-08 07:00:00,0.1322648,0.128223,2024-08-08,7
2024-08-08 08:00:00,0.1075102,0.1043843,2024-08-08,8
2024-08-08 09:00:00,0.2726595,0.264865,2024-08-08,9
2024-08-08 10:00:00,0.2236522,0.217303,2024-08-08,10
2024-08-08 11:00:00,0.3582126,0.3482961,2024-08-08,11
2024-08-08 12:00:00,0.3732961,0.3630076,2024-08-08,12
2024-08-08 13:00:00,0.2582692,0.2509245,2024-08-08,13
2024-08-08 14:00:00,0.225853,0.2193166,2024-08-08,14
2024-08-08 15:00:00,0.1162484,0.1128144,2024-08-08,15
2024-08-08 16:00:00,0.1013296,0.09808991,2024-08-08,16
2024-08-08 17:00:00,0.02381402,0.02297761,2024-08-08,17
2024-08-08 18:00:00,0.00280229,0.0,2024-08-08,18
2024-08-08 19:00:00,0.0,0.0,2024-08-08,19
2024-08-08 20:00:00,0.0,0.0,2024-08-08,20
2024-08-08 21:00:00,0.0,0.0,2024-08-08,21
2024-08-08 22:00:00,0.0,0.0,2024-08-08,22
2024-08-08 23:00:00,0.0,0.0,2024-08-08,23
2024-08-09 00:00:00,0.0,0.0,2024-08-09,0
2024-08-09 01:00:00,0.0,0.0,2024-08-09,1
2024-08-09 02:00:00,0.0,0.0,2024-08-09,2
2024-08-09 03:00:00,0.0,0.0,2024-08-09,3
2024-08-09 04:00:00,0.0,0.0,2024-08-09,4
2024-08-09 05:00:00,0.04186591,0.02100387,2024-08-09,5
2024-08-09 06:00:00,0.06937384,0.06703891,2024-08-09,6
2024-08-09 07:00:00,0.1821358,0.1762258,2024-08-09,7
2024-08-09 08:00:00,0.5763652,0.5440535,2024-08-09,8
2024-08-09 09:00:00,0.5529386,0.5359803,2024-08-09,9
2024-08-09 10:00:00,0.6652285,0.6490825,2024-08-09,10
2024-08-09 11:00:00,0.6170579,0.6028563,2024-08-09,11
2024-08-09 12:00:00,0.7588432,0.7423913,2024-08-09,12
2024-08-09 13:00:00,0.6516624,0.6335757,2024-08-09,13
2024-08-09 14:00:00,0.4426073,0.4279217,2024-08-09,14
2024-08-09 15:00:00,0.1561608,0.1515123,2024-08-09,15
2024-08-09 16:00:00,0.0998844,0.09670245,2024-08-09,16
2024-08-09 17:00:00,0.03415284,0.03284402,2024-08-09,17
2024-08-09 18:00:00,0.001860652,0.0,2024-08-09,18
2024-08-09 19:00:00,0.0,0.0,2024-08-09,19
2024-08-09 20:00:00,0.0,0.0,2024-08-09,20
2024-08-09 21:00:00,0.0,0.0,2024-08-09,21
2024-08-09 22:00:00,0.0,0.0,2024-08-09,22
2024-08-09 23:00:00,0.0,0.0,2024-08-09,23
2024-08-10 00:00:00,0.0,0.0,2024-08-10,0
2024-08-10 01:00:00,0.0,0.0,2024-08-10,1
2024-08-10 02:00:00,0.0,0.0,2024-08-10,2
2024-08-10 03:00:00,0.0,0.0,2024-08-10,3
2024-08-10 04:00:00,0.0,0.0,2024-08-10,4
2024-08-10 05:00:00,0.04074844,0.02095374,2024-08-10,5
2024-08-10 06:00:00,0.1192771,0.113353,2024-08-10,6
2024-08-10 07:00:00,0.1692418,0.1639191,2024-08-10,7
2024-08-10 08:00:00,0.2012889,0.1954159,2024-08-10,8
2024-08-10 09:00:00,0.2295087,0.2229614,2024-08-10,9
2024-08-10 10:00:00,0.2744671,0.2667317,2024-08-10,10
2024-08-10 11:00:00,0.3541734,0.3444163,2024-08-10,11
2024-08-10 12:00:00,0.2505102,0.2434476,2024-08-10,12
2024-08-10 13:00:00,0.236969,0.2302446,2024-08-10,13
2024-08-10 14:00:00,0.09443305,0.09170777,2024-08-10,14
2024-08-10 15:00:00,0.06827525,0.06628011,2024-08-10,15
2024-08-10 16:00:00,0.07567453,0.07332968,2024-08-10,16
2024-08-10 17:00:00,0.04187889,0.04016219,2024-08-10,17
2024-08-10 18:00:00,0.001671144,0.0,2024-08-10,18
2024-08-10 19:00:00,0.0,0.0,2024-08-10,19
2024-08-10 20:00:00,0.0,0.0,2024-08-10,20
2024-08-10 21:00:00,0.0,0.0,2024-08-10,21
2024-08-10 22:00:00,0.0,0.0,2024-08-10,22
2024-08-10 23:00:00,0.0,0.0,2024-08-10,23
2024-08-11 00:00:00,0.0,0.0,2024-08-11,0
2024-08-11 01:00:00,0.0,0.0,2024-08-11,1
2024-08-11 02:00:00,0.0,0.0,2024-08-11,2
2024-08-11 03:00:00,0.0,0.0,2024-08-11,3
2024-08-11 04:00:00,0.0,0.0,2024-08-11,4
2024-08-11 05:00:00,0.03678945,0.02273447,2024-08-11,5
2024-08-11 06:00:00,0.0515714,0.04991335,2024-08-11,6
2024-08-11 07:00:00,0.1483007,0.1437648,2024-08-11,7
2024-08-11 08:00:00,0.09237694,0.08970076,2024-08-11,8
2024-08-11 09:00:00,0.02788568,0.02707719,2024-08-11,9
2024-08-11 10:00:00,0.0552701,0.05367624,2024-08-11,10
2024-08-11 11:00:00,0.04131303,0.04011902,2024-08-11,11
2024-08-11 12:00:00,0.09001995,0.08743805,2024-08-11,12
2024-08-11 13:00:00,0.1449896,0.1408497,2024-08-11,13
2024-08-11 14:00:00,0.09129799,0.08866483,2024-08-11,14
2024-08-11 15:00:00,0.02562078,0.02487488,2024-08-11,15
2024-08-11 16:00:00,0.05192773,0.05035717,2024-08-11,16
2024-08-11 17:00:00,0.01720607,0.01663062,2024-08-11,17
2024-08-11 18:00:00,0.001490243,0.0,2024-08-11,18
2024-08-11 19:00:00,0.0,0.0,2024-08-11,19
2024-08-11 20:00:00,0.0,0.0,2024-08-11,20
2024-08-11 21:00:00,0.0,0.0,2024-08-11,21
2024-08-11 22:00:00,0.0,0.0,2024-08-11,22
2024-08-11 23:00:00,0.0,0.0,2024-08-11,23
2024-08-12 00:00:00,0.0,0.0,2024-08-12,0
2024-08-12 01:00:00,0.0,0.0,2024-08-12,1
2024-08-12 02:00:00,0.0,0.0,2024-08-12,2
2024-08-12 03:00:00,0.0,0.0,2024-08-12,3
2024-08-12 04:00:00,0.0,0.0,2024-08-12,4
2024-08-12 05:00:00,0.04312812,0.01682629,2024-08-12,5
2024-08-12 06:00:00,0.1036883,0.09952602,2024-08-12,6
2024-08-12 07:00:00,0.4351985,0.3922533,2024-08-12,7
2024-08-12 08:00:00,0.6341095,0.6004812,2024-08-12,8
2024-08-12 09:00:00,0.9168949,0.8893981,2024-08-12,9
2024-08-12 10:00:00,0.9773409,0.9601934,2024-08-12,10
2024-08-12 11:00:00,1.01877,1.005524,2024-08-12,11
2024-08-12 12:00:00,0.9011767,0.8874004,2024-08-12,12
2024-08-12 13:00:00,0.7377948,0.7204525,2024-08-12,13
2024-08-12 14:00:00,0.4888911,0.4729176,2024-08-12,14
2024-08-12 15:00:00,0.3992679,0.3779276,2024-08-12,15
2024-08-12 16:00:00,0.2553879,0.2300812,2024-08-12,16
2024-08-12 17:00:00,0.1094644,0.07028877,2024-08-12,17
2024-08-12 18:00:00,0.001314129,0.0,2024-08-12,18
2024-08-12 19:00:00,0.0,0.0,2024-08-12,19
2024-08-12 20:00:00,0.0,0.0,2024-08-12,20
2024-08-12 21:00:00,0.0,0.0,2024-08-12,21
2024-08-12 22:00:00,0.0,0.0,2024-08-12,22
2024-08-12 23:00:00,0.0,0.0,2024-08-12,23
2024-08-13 00:00:00,0.0,0.0,2024-08-13,0
2024-08-13 01:00:00,0.0,0.0,2024-08-13,1
2024-08-13 02:00:00,0.0,0.0,2024-08-13,2
2024-08-13 03:00:00,0.0,0.0,2024-08-13,3
2024-08-13 04:00:00,0.0,0.0,2024-08-13,4
2024-08-13 05:00:00,0.03298979,0.02296004,2024-08-13,5
2024-08-13 06:00:00,0.2490776,0.1908243,2024-08-13,6
2024-08-13 07:00:00,0.4457992,0.4021967,2024-08-13,7
2024-08-13 08:00:00,0.6644207,0.6301655,2024-08-13,8
2024-08-13 09:00:00,0.8243898,0.8017158,2024-08-13,9
2024-08-13 10:00:00,0.6971031,0.6839572,2024-08-13,10
2024-08-13 11:00:00,0.8538475,0.8429293,2024-08-13,11
2024-08-13 12:00:00,0.8761432,0.8641398,2024-08-13,12
2024-08-13 13:00:00,0.6712484,0.6562259,2024-08-13,13
2024-08-13 14:00:00,0.7206164,0.6926266,2024-08-13,14
2024-08-13 15:00:00,0.6246347,0.5761549,2024-08-13,15
2024-08-13 16:00:00,0.3269607,0.2781653,2024-08-13,16
2024-08-13 17:00:00,0.1077848,0.06919185,2024-08-13,17
2024-08-13 18:00:00,0.000924664,0.0,2024-08-13,18
2024-08-13 19:00:00,0.0,0.0,2024-08-13,19
2024-08-13 20:00:00,0.0,0.0,2024-08-13,20
2024-08-13 21:00:00,0.0,0.0,2024-08-13,21
2024-08-13 22:00:00,0.0,0.0,2024-08-13,22
2024-08-13 23:00:00,0.0,0.0,2024-08-13,23
2024-08-14 00:00:00,0.0,0.0,2024-08-14,0
2024-08-14 01:00:00,0.0,0.0,2024-08-14,1
2024-08-14 02:00:00,0.0,0.0,2024-08-14,2
2024-08-14 03:00:00,0.0,0.0,2024-08-14,3
2024-08-14 04:00:00,0.0,0.0,2024-08-14,4
2024-08-14 05:00:00,0.03926487,0.01848269,2024-08-14,5
2024-08-14 06:00:00,0.2363569,0.1854752,2024-08-14,6
2024-08-14 07:00:00,0.356009,0.3309799,2024-08-14,7
2024-08-14 08:00:00,0.4638213,0.4464685,2024-08-14,8
2024-08-14 09:00:00,0.6314349,0.6156166,2024-08-14,9
2024-08-14 10:00:00,0.7469717,0.734872,2024-08-14,10
2024-08-14 11:00:00,0.9731641,0.964173,2024-08-14,11
2024-08-14 12:00:00,0.9608366,0.9503804,2024-08-14,12
2024-08-14 13:00:00,0.9582381,0.9400376,2024-08-14,13
2024-08-14 14:00:00,0.8229481,0.7923212,2024-08-14,14
2024-08-14 15:00:00,0.5084761,0.474014,2024-08-14,15
2024-08-14 16:00:00,0.289061,0.2534832,2024-08-14,16
2024-08-14 17:00:00,0.1030671,0.06851071,2024-08-14,17
2024-08-14 18:00:00,0.001144604,0.0,2024-08-14,18
2024-08-14 19:00:00,0.0,0.0,2024-08-14,19
2024-08-14 20:00:00,0.0,0.0,2024-08-14,20
2024-08-14 21:00:00,0.0,0.0,2024-08-14,21
2024-08-14 22:00:00,0.0,0.0,2024-08-14,22
2024-08-14 23:00:00,0.0,0.0,2024-08-14,23
2024-08-15 00:00:00,0.0,0.0,2024-08-15,0
2024-08-15 01:00:00,0.0,0.0,2024-08-15,1
2024-08-15 02:00:00,0.0,0.0,2024-08-15,2
2024-08-15 03:00:00,0.0,0.0,2024-08-15,3
2024-08-15 04:00:00,0.0,0.0,2024-08-15,4
2024-08-15 05:00:00,0.04428036,0.01251841,2024-08-15,5
2024-08-15 06:00:00,0.1401162,0.1306102,2024-08-15,6
2024-08-15 07:00:00,0.1944564,0.1881606,2024-08-15,7
2024-08-15 08:00:00,0.2804478,0.2722705,2024-08-15,8
2024-08-15 09:00:00,0.1423377,0.1382811,2024-08-15,9
2024-08-15 10:00:00,0.5962672,0.5845186,2024-08-15,10
2024-08-15 11:00:00,0.796108,0.787402,2024-08-15,11
2024-08-15 12:00:00,0.6232062,0.6118635,2024-08-15,12
2024-08-15 13:00:00,0.4523596,0.441076,2024-08-15,13
2024-08-15 14:00:00,0.1200883,0.1166443,2024-08-15,14
2024-08-15 15:00:00,0.195787,0.1899631,2024-08-15,15
2024-08-15 16:00:00,0.2265649,0.2095167,2024-08-15,16
2024-08-15 17:00:00,0.07852391,0.06555062,2024-08-15,17
2024-08-15 18:00:00,0.000815592,0.0,2024-08-15,18
2024-08-15 19:00:00,0.0,0.0,2024-08-15,19
2024-08-15 20:00:00,0.0,0.0,2024-08-15,20
2024-08-15 21:00:00,0.0,0.0,2024-08-15,21
2024-08-15 22:00:00,0.0,0.0,2024-08-15,22
2024-08-15 23:00:00,0.0,0.0,2024-08-15,23
2024-08-16 00:00:00,0.0,0.0,2024-08-16,0
2024-08-16 01:00:00,0.0,0.0,2024-08-16,1
2024-08-16 02:00:00,0.0,0.0,2024-08-16,2
2024-08-16 03:00:00,0.0,0.0,2024-08-16,3
2024-08-16 04:00:00,0.0,0.0,2024-08-16,4
2024-08-16 05:00:00,0.04517987,0.01059509,2024-08-16,5
2024-08-16 06:00:00,0.2918617,0.2219363,2024-08-16,6
2024-08-16 07:00:00,0.5185844,0.4696016,2024-08-16,7
2024-08-16 08:00:00,0.6541656,0.6260821,2024-08-16,8
2024-08-16 09:00:00,0.8837339,0.8657516,2024-08-16,9
2024-08-16 10:00:00,0.9443979,0.935783,2024-08-16,10
2024-08-16 11:00:00,0.9406959,0.9354585,2024-08-16,11
2024-08-16 12:00:00,0.8941327,0.8872951,2024-08-16,12
2024-08-16 13:00:00,0.7921934,0.7798892,2024-08-16,13
2024-08-16 14:00:00,0.7558184,0.7316627,2024-08-16,14
2024-08-16 15:00:00,0.6374947,0.5937955,2024-08-16,15
2024-08-16 16:00:00,0.2969608,0.2598541,2024-08-16,16
2024-08-16 17:00:00,0.09211212,0.06664903,2024-08-16,17
2024-08-16 18:00:00,0.000359776,0.0,2024-08-16,18
2024-08-16 19:00:00,0.0,0.0,2024-08-16,19
2024-08-16 20:00:00,0.0,0.0,2024-08-16,20
2024-08-16 21:00:00,0.0,0.0,2024-08-16,21
2024-08-16 22:00:00,0.0,0.0,2024-08-16,22
2024-08-16 23:00:00,0.0,0.0,2024-08-16,23
2024-08-17 00:00:00,0.0,0.0,2024-08-17,0
2024-08-17 01:00:00,0.0,0.0,2024-08-17,1
2024-08-17 02:00:00,0.0,0.0,2024-08-17,2
2024-08-17 03:00:00,0.0,0.0,2024-08-17,3
2024-08-17 04:00:00,0.0,0.0,2024-08-17,4
2024-08-17 05:00:00,0.01644202,0.01554996,2024-08-17,5
2024-08-17 06:00:00,0.1484669,0.1371595,2024-08-17,6
2024-08-17 07:00:00,0.2879337,0.2746381,2024-08-17,7
2024-08-17 08:00:00,0.3819892,0.3704444,2024-08-17,8
2024-08-17 09:00:00,0.48241,0.4709553,2024-08-17,9
2024-08-17 10:00:00,0.4195202,0.4089892,2024-08-17,10
2024-08-17 11:00:00,0.5048242,0.4936828,2024-08-17,11
2024-08-17 12:00:00,0.5296845,0.5186189,2024-08-17,12
2024-08-17 13:00:00,0.7165242,0.7057073,2024-08-17,13
2024-08-17 14:00:00,0.5609245,0.5453299,2024-08-17,14
2024-08-17 15:00:00,0.44678,0.4230928,2024-08-17,15
2024-08-17 16:00:00,0.2172836,0.2025015,2024-08-17,16
2024-08-17 17:00:00,0.05321388,0.04994892,2024-08-17,17
2024-08-17 18:00:00,0.000238703,0.0,2024-08-17,18
2024-08-17 19:00:00,0.0,0.0,2024-08-17,19
2024-08-17 20:00:00,0.0,0.0,2024-08-17,20
2024-08-17 21:00:00,0.0,0.0,2024-08-17,21
2024-08-17 22:00:00,0.0,0.0,2024-08-17,22
2024-08-17 23:00:00,0.0,0.0,2024-08-17,23
2024-08-18 00:00:00,0.0,0.0,2024-08-18,0
2024-08-18 01:00:00,0.0,0.0,2024-08-18,1
2024-08-18 02:00:00,0.0,0.0,2024-08-18,2
2024-08-18 03:00:00,0.0,0.0,2024-08-18,3
2024-08-18 04:00:00,0.0,0.0,2024-08-18,4
2024-08-18 05:00:00,0.02476152,0.02087983,2024-08-18,5
2024-08-18 06:00:00,0.1654251,0.1493143,2024-08-18,6
2024-08-18 07:00:00,0.4694565,0.4303179,2024-08-18,7
2024-08-18 08:00:00,0.651785,0.6275914,2024-08-18,8
2024-08-18 09:00:00,0.9143144,0.900333,2024-08-18,9
2024-08-18 10:00:00,0.9892566,0.9848769,2024-08-18,10
2024-08-18 11:00:00,1.105752,1.105406,2024-08-18,11
2024-08-18 12:00:00,0.8224013,0.8177404,2024-08-18,12
2024-08-18 13:00:00,0.7807277,0.7716526,2024-08-18,13
2024-08-18 14:00:00,0.5988625,0.5831552,2024-08-18,14
2024-08-18 15:00:00,0.3908393,0.3736975,2024-08-18,15
2024-08-18 16:00:00,0.3195151,0.2771448,2024-08-18,16
2024-08-18 17:00:00,0.1042179,0.06209346,2024-08-18,17
2024-08-18 18:00:00,0.000290445,0.0,2024-08-18,18
2024-08-18 19:00:00,0.0,0.0,2024-08-18,19
2024-08-18 20:00:00,0.0,0.0,2024-08-18,20
2024-08-18 21:00:00,0.0,0.0,2024-08-18,21
2024-08-18 22:00:00,0.0,0.0,2024-08-18,22
2024-08-18 23:00:00,0.0,0.0,2024-08-18,23
2024-08-19 00:00:00,0.0,0.0,2024-08-19,0
2024-08-19 01:00:00,0.0,0.0,2024-08-19,1
2024-08-19 02:00:00,0.0,0.0,2024-08-19,2
2024-08-19 03:00:00,0.0,0.0,2024-08-19,3
2024-08-19 04:00:00,0.0,0.0,2024-08-19,4
2024-08-19 05:00:00,0.02019029,0.01843128,2024-08-19,5
2024-08-19 06:00:00,0.1924384,0.1664343,2024-08-19,6
2024-08-19 07:00:00,0.4021113,0.3742529,2024-08-19,7
2024-08-19 08:00:00,0.5387186,0.5215545,2024-08-19,8
2024-08-19 09:00:00,0.6573783,0.6468394,2024-08-19,9
2024-08-19 10:00:00,0.8363945,0.8326248,2024-08-19,10
2024-08-19 11:00:00,0.880191,0.8793923,2024-08-19,11
2024-08-19 12:00:00,1.020899,1.020977,2024-08-19,12
2024-08-19 13:00:00,0.8530403,0.8460656,2024-08-19,13
2024-08-19 14:00:00,0.6831859,0.6666835,2024-08-19,14
2024-08-19 15:00:00,0.4062201,0.3882885,2024-08-19,15
2024-08-19 16:00:00,0.2512448,0.2288057,2024-08-19,16
2024-08-19 17:00:00,0.08363499,0.06259851,2024-08-19,17
2024-08-19 18:00:00,0.000104413,0.0,2024-08-19,18
2024-08-19 19:00:00,0.0,0.0,2024-08-19,19
2024-08-19 20:00:00,0.0,0.0,2024-08-19,20
2024-08-19 21:00:00,0.0,0.0,2024-08-19,21
2024-08-19 22:00:00,0.0,0.0,2024-08-19,22
2024-08-19 23:00:00,0.0,0.0,2024-08-19,23
2024-08-20 00:00:00,0.0,0.0,2024-08-20,0
2024-08-20 01:00:00,0.0,0.0,2024-08-20,1
2024-08-20 02:00:00,0.0,0.0,2024-08-20,2
2024-08-20 03:00:00,0.0,0.0,2024-08-20,3
2024-08-20 04:00:00,0.0,0.0,2024-08-20,4
2024-08-20 05:00:00,0.03751878,0.01462915,2024-08-20,5
2024-08-20 06:00:00,0.07976653,0.07712457,2024-08-20,6
2024-08-20 07:00:00,0.125127,0.121438,2024-08-20,7
2024-08-20 08:00:00,0.1589165,0.1543849,2024-08-20,8
2024-08-20 09:00:00,0.3162096,0.3076848,2024-08-20,9
2024-08-20 10:00:00,0.3111722,0.3026975,2024-08-20,10
2024-08-20 11:00:00,0.3473416,0.3380625,2024-08-20,11
2024-08-20 12:00:00,0.3359863,0.3269567,2024-08-20,12
2024-08-20 13:00:00,0.2928075,0.2847788,2024-08-20,13
2024-08-20 14:00:00,0.1245794,0.12103,2024-08-20,14
2024-08-20 15:00:00,0.07044365,0.06840495,2024-08-20,15
2024-08-20 16:00:00,0.1023063,0.09912484,2024-08-20,16
2024-08-20 17:00:00,0.05338898,0.04952178,2024-08-20,17
2024-08-20 18:00:00,7.05103e-05,0.0,2024-08-20,18
2024-08-20 19:00:00,0.0,0.0,2024-08-20,19
2024-08-20 20:00:00,0.0,0.0,2024-08-20,20
2024-08-20 21:00:00,0.0,0.0,2024-08-20,21
2024-08-20 22:00:00,0.0,0.0,2024-08-20,22
2024-08-20 23:00:00,0.0,0.0,2024-08-20,23
2024-08-21 00:00:00,0.0,0.0,2024-08-21,0
2024-08-21 01:00:00,0.0,0.0,2024-08-21,1
2024-08-21 02:00:00,0.0,0.0,2024-08-21,2
2024-08-21 03:00:00,0.0,0.0,2024-08-21,3
2024-08-21 04:00:00,0.0,0.0,2024-08-21,4
2024-08-21 05:00:00,0.03320355,0.01762855,2024-08-21,5
2024-08-21 06:00:00,0.03119407,0.03024929,2024-08-21,6
2024-08-21 07:00:00,0.05095316,0.04947071,2024-08-21,7
2024-08-21 08:00:00,0.01616942,0.01569994,2024-08-21,8
2024-08-21 09:00:00,0.02253869,0.02188563,2024-08-21,9
2024-08-21 10:00:00,0.0499025,0.04846658,2024-08-21,10
2024-08-21 11:00:00,0.1233019,0.1198079,2024-08-21,11
2024-08-21 12:00:00,0.3755554,0.3658698,2024-08-21,12
2024-08-21 13:00:00,0.294971,0.2869187,2024-08-21,13
2024-08-21 14:00:00,0.2066783,0.2008606,2024-08-21,14
2024-08-21 15:00:00,0.1875437,0.182102,2024-08-21,15
2024-08-21 16:00:00,0.1910025,0.1811381,2024-08-21,16
2024-08-21 17:00:00,0.04065434,0.03880501,2024-08-21,17
2024-08-21 18:00:00,1.57907e-05,0.0,2024-08-21,18
2024-08-21 19:00:00,0.0,0.0,2024-08-21,19
2024-08-21 20:00:00,0.0,0.0,2024-08-21,20
2024-08-21 21:00:00,0.0,0.0,2024-08-21,21
2024-08-21 22:00:00,0.0,0.0,2024-08-21,22
2024-08-21 23:00:00,0.0,0.0,2024-08-21,23
2024-08-22 00:00:00,0.0,0.0,2024-08-22,0
2024-08-22 01:00:00,0.0,0.0,2024-08-22,1
2024-08-22 02:00:00,0.0,0.0,2024-08-22,2
2024-08-22 03:00:00,0.0,0.0,2024-08-22,3
2024-08-22 04:00:00,0.0,0.0,2024-08-22,4
2024-08-22 05:00:00,0.03633821,0.01403339,2024-08-22,5
2024-08-22 06:00:00,0.1932101,0.168717,2024-08-22,6
2024-08-22 07:00:00,0.246828,0.23831,2024-08-22,7
2024-08-22 08:00:00,0.3778625,0.3679975,2024-08-22,8
2024-08-22 09:00:00,0.4727181,0.4631058,2024-08-22,9
2024-08-22 10:00:00,0.5634286,0.5548089,2024-08-22,10
2024-08-22 11:00:00,0.7108334,0.7074093,2024-08-22,11
2024-08-22 12:00:00,0.6523094,0.6464121,2024-08-22,12
2024-08-22 13:00:00,0.5714169,0.5631841,2024-08-22,13
2024-08-22 14:00:00,0.4759267,0.4656555,2024-08-22,14
2024-08-22 15:00:00,0.3600729,0.3474225,2024-08-22,15
2024-08-22 16:00:00,0.1736186,0.1659816,2024-08-22,16
2024-08-22 17:00:00,0.03268874,0.03136821,2024-08-22,17
2024-08-22 18:00:00,0.0,0.0,2024-08-22,18
2024-08-22 19:00:00,0.0,0.0,2024-08-22,19
2024-08-22 20:00:00,0.0,0.0,2024-08-22,20
2024-08-22 21:00:00,0.0,0.0,2024-08-22,21
2024-08-22 22:00:00,0.0,0.0,2024-08-22,22
2024-08-22 23:00:00,0.0,0.0,2024-08-22,23
2024-08-23 00:00:00,0.0,0.0,2024-08-23,0
2024-08-23 01:00:00,0.0,0.0,2024-08-23,1
2024-08-23 02:00:00,0.0,0.0,2024-08-23,2
2024-08-23 03:00:00,0.0,0.0,2024-08-23,3
2024-08-23 04:00:00,0.0,0.0,2024-08-23,4
2024-08-23 05:00:00,0.02277813,0.01916832,2024-08-23,5
2024-08-23 06:00:00,0.03990198,0.03868364,2024-08-23,6
2024-08-23 07:00:00,0.05020759,0.04875041,2024-08-23,7
2024-08-23 08:00:00,0.1765881,0.1715969,2024-08-23,8
2024-08-23 09:00:00,0.5230209,0.5144089,2024-08-23,9
2024-08-23 10:00:00,0.558562,0.5502936,2024-08-23,10
2024-08-23 11:00:00,0.4273852,0.4172895,2024-08-23,11
2024-08-23 12:00:00,0.576767,0.5688049,2024-08-23,12
2024-08-23 13:00:00,0.3979643,0.3884623,2024-08-23,13
2024-08-23 14:00:00,0.5578406,0.5482788,2024-08-23,14
2024-08-23 15:00:00,0.4109902,0.3957469,2024-08-23,15
2024-08-23 16:00:00,0.2171198,0.2032391,2024-08-23,16
2024-08-23 17:00:00,0.08919915,0.05586309,2024-08-23,17
2024-08-23 18:00:00,0.0,0.0,2024-08-23,18
2024-08-23 19:00:00,0.0,0.0,2024-08-23,19
2024-08-23 20:00:00,0.0,0.0,2024-08-23,20
2024-08-23 21:00:00,0.0,0.0,2024-08-23,21
2024-08-23 22:00:00,0.0,0.0,2024-08-23,22
2024-08-23 23:00:00,0.0,0.0,2024-08-23,23
2024-08-24 00:00:00,0.0,0.0,2024-08-24,0
2024-08-24 01:00:00,0.0,0.0,2024-08-24,1
2024-08-24 02:00:00,0.0,0.0,2024-08-24,2
2024-08-24 03:00:00,0.0,0.0,2024-08-24,3
2024-08-24 04:00:00,0.0,0.0,2024-08-24,4
2024-08-24 05:00:00,0.0330344,0.01550539,2024-08-24,5
2024-08-24 06:00:00,0.08863967,0.08566698,2024-08-24,6
2024-08-24 07:00:00,0.1207029,0.1171919,2024-08-24,7
2024-08-24 08:00:00,0.04447468,0.04319358,2024-08-24,8
2024-08-24 09:00:00,0.2164608,0.2104501,2024-08-24,9
2024-08-24 10:00:00,0.4144183,0.4046995,2024-08-24,10
2024-08-24 11:00:00,0.693958,0.6916227,2024-08-24,11
2024-08-24 12:00:00,0.7340687,0.7341736,2024-08-24,12
2024-08-24 13:00:00,0.320153,0.3116847,2024-08-24,13
2024-08-24 14:00:00,0.1899513,0.1846295,2024-08-24,14
2024-08-24 15:00:00,0.2606805,0.2531013,2024-08-24,15
2024-08-24 16:00:00,0.1456499,0.1404775,2024-08-24,16
2024-08-24 17:00:00,0.01469195,0.0141947,2024-08-24,17
2024-08-24 18:00:00,0.0,0.0,2024-08-24,18
2024-08-24 19:00:00,0.0,0.0,2024-08-24,19
2024-08-24 20:00:00,0.0,0.0,2024-08-24,20
2024-08-24 21:00:00,0.0,0.0,2024-08-24,21
2024-08-24 22:00:00,0.0,0.0,2024-08-24,22
2024-08-24 23:00:00,0.0,0.0,2024-08-24,23
2024-08-25 00:00:00,0.0,0.0,2024-08-25,0
2024-08-25 01:00:00,0.0,0.0,2024-08-25,1
2024-08-25 02:00:00,0.0,0.0,2024-08-25,2
2024-08-25 03:00:00,0.0,0.0,2024-08-25,3
2024-08-25 04:00:00,0.0,0.0,2024-08-25,4
2024-08-25 05:00:00,0.01756365,0.01617314,2024-08-25,5
2024-08-25 06:00:00,0.05806623,0.05625874,2024-08-25,6
2024-08-25 07:00:00,0.2585696,0.2500393,2024-08-25,7
2024-08-25 08:00:00,0.5270332,0.5175392,2024-08-25,8
2024-08-25 09:00:00,0.6742733,0.6721029,2024-08-25,9
2024-08-25 10:00:00,0.8016199,0.8068932,2024-08-25,10
2024-08-25 11:00:00,0.9684443,0.9825603,2024-08-25,11
2024-08-25 12:00:00,0.6928602,0.6917153,2024-08-25,12
2024-08-25 13:00:00,0.7859622,0.7891434,2024-08-25,13
2024-08-25 14:00:00,0.4733543,0.464886,2024-08-25,14
2024-08-25 15:00:00,0.301326,0.2925346,2024-08-25,15
2024-08-25 16:00:00,0.2322817,0.2160477,2024-08-25,16
2024-08-25 17:00:00,0.08315092,0.05308794,2024-08-25,17
2024-08-25 18:00:00,0.0,0.0,2024-08-25,18
2024-08-25 19:00:00,0.0,0.0,2024-08-25,19
2024-08-25 20:00:00,0.0,0.0,2024-08-25,20
2024-08-25 21:00:00,0.0,0.0,2024-08-25,21
2024-08-25 22:00:00,0.0,0.0,2024-08-25,22
2024-08-25 23:00:00,0.0,0.0,2024-08-25,23
2024-08-26 00:00:00,0.0,0.0,2024-08-26,0
2024-08-26 01:00:00,0.0,0.0,2024-08-26,1
2024-08-26 02:00:00,0.0,0.0,2024-08-26,2
2024-08-26 03:00:00,0.0,0.0,2024-08-26,3
2024-08-26 04:00:00,0.0,0.0,2024-08-26,4
2024-08-26 05:00:00,0.02721215,0.01802911,2024-08-26,5
2024-08-26 06:00:00,0.04168855,0.04042384,2024-08-26,6
2024-08-26 07:00:00,0.03686603,0.03579891,2024-08-26,7
2024-08-26 08:00:00,0.08041973,0.07812424,2024-08-26,8
2024-08-26 09:00:00,0.04839655,0.04700615,2024-08-26,9
2024-08-26 10:00:00,0.1454469,0.141364,2024-08-26,10
2024-08-26 11:00:00,0.0661921,0.06429842,2024-08-26,11
2024-08-26 12:00:00,0.1131974,0.1099958,2024-08-26,12
2024-08-26 13:00:00,0.03879604,0.03767842,2024-08-26,13
2024-08-26 14:00:00,0.1293202,0.1256704,2024-08-26,14
2024-08-26 15:00:00,0.1042062,0.1012235,2024-08-26,15
2024-08-26 16:00:00,0.0161828,0.01571017,2024-08-26,16
2024-08-26 17:00:00,0.009882073,0.009562446,2024-08-26,17
2024-08-26 18:00:00,0.0,0.0,2024-08-26,18
2024-08-26 19:00:00,0.0,0.0,2024-08-26,19
2024-08-26 20:00:00,0.0,0.0,2024-08-26,20
2024-08-26 21:00:00,0.0,0.0,2024-08-26,21
2024-08-26 22:00:00,0.0,0.0,2024-08-26,22
2024-08-26 23:00:00,0.0,0.0,2024-08-26,23
2024-08-27 00:00:00,0.0,0.0,2024-08-27,0
2024-08-27 01:00:00,0.0,0.0,2024-08-27,1
2024-08-27 02:00:00,0.0,0.0,2024-08-27,2
2024-08-27 03:00:00,0.0,0.0,2024-08-27,3
2024-08-27 04:00:00,0.0,0.0,2024-08-27,4
2024-08-27 05:00:00,0.03594373,0.01018707,2024-08-27,5
2024-08-27 06:00:00,0.2122513,0.1855218,2024-08-27,6
2024-08-27 07:00:00,0.3966884,0.3803479,2024-08-27,7
2024-08-27 08:00:00,0.5773427,0.5709894,2024-08-27,8
2024-08-27 09:00:00,0.6182286,0.6161563,2024-08-27,9
2024-08-27 10:00:00,0.8948089,0.9087083,2024-08-27,10
2024-08-27 11:00:00,0.9496257,0.96748,2024-08-27,11
2024-08-27 12:00:00,0.988764,1.007106,2024-08-27,12
2024-08-27 13:00:00,0.839801,0.8490295,2024-08-27,13
2024-08-27 14:00:00,0.5191721,0.5130653,2024-08-27,14
2024-08-27 15:00:00,0.5353717,0.5193447,2024-08-27,15
2024-08-27 16:00:00,0.2688534,0.2463329,2024-08-27,16
2024-08-27 17:00:00,0.0478563,0.0435126,2024-08-27,17
2024-08-27 18:00:00,0.0,0.0,2024-08-27,18
2024-08-27 19:00:00,0.0,0.0,2024-08-27,19
2024-08-27 20:00:00,0.0,0.0,2024-08-27,20
2024-08-27 21:00:00,0.0,0.0,2024-08-27,21
2024-08-27 22:00:00,0.0,0.0,2024-08-27,22
2024-08-27 23:00:00,0.0,0.0,2024-08-27,23
2024-08-28 00:00:00,0.0,0.0,2024-08-28,0
2024-08-28 01:00:00,0.0,0.0,2024-08-28,1
2024-08-28 02:00:00,0.0,0.0,2024-08-28,2
2024-08-28 03:00:00,0.0,0.0,2024-08-28,3
2024-08-28 04:00:00,0.0,0.0,2024-08-28,4
2024-08-28 05:00:00,0.01371346,0.01296221,2024-08-28,5
2024-08-28 06:00:00,0.1037409,0.1000173,2024-08-28,6
2024-08-28 07:00:00,0.2669578,0.2588938,2024-08-28,7
2024-08-28 08:00:00,0.05216736,0.05067129,2024-08-28,8
2024-08-28 09:00:00,0.1974028,0.1919455,2024-08-28,9
2024-08-28 10:00:00,0.2179759,0.2119798,2024-08-28,10
2024-08-28 11:00:00,0.1837835,0.1786829,2024-08-28,11
2024-08-28 12:00:00,0.1134557,0.1102523,2024-08-28,12
2024-08-28 13:00:00,0.317687,0.3094418,2024-08-28,13
2024-08-28 14:00:00,0.2785642,0.271251,2024-08-28,14
2024-08-28 15:00:00,0.1409931,0.1369935,2024-08-28,15
2024-08-28 16:00:00,0.04908144,0.04763615,2024-08-28,16
2024-08-28 17:00:00,0.0331229,0.03162993,2024-08-28,17
2024-08-28 18:00:00,0.0,0.0,2024-08-28,18
2024-08-28 19:00:00,0.0,0.0,2024-08-28,19
2024-08-28 20:00:00,0.0,0.0,2024-08-28,20
2024-08-28 21:00:00,0.0,0.0,2024-08-28,21
2024-08-28 22:00:00,0.0,0.0,2024-08-28,22
2024-08-28 23:00:00,0.0,0.0,2024-08-28,23
2024-08-29 00:00:00,0.0,0.0,2024-08-29,0
2024-08-29 01:00:00,0.0,0.0,2024-08-29,1
2024-08-29 02:00:00,0.0,0.0,2024-08-29,2
2024-08-29 03:00:00,0.0,0.0,2024-08-29,3
2024-08-29 04:00:00,0.0,0.0,2024-08-29,4
2024-08-29 05:00:00,0.03685431,0.007690874,2024-08-29,5
2024-08-29 06:00:00,0.1200816,0.115101,2024-08-29,6
2024-08-29 07:00:00,0.3163466,0.3067208,2024-08-29,7
2024-08-29 08:00:00,0.3584652,0.3508648,2024-08-29,8
2024-08-29 09:00:00,0.3253446,0.3171619,2024-08-29,9
2024-08-29 10:00:00,0.2175787,0.2116041,2024-08-29,10
2024-08-29 11:00:00,0.5152702,0.5073881,2024-08-29,11
2024-08-29 12:00:00,0.4407522,0.4316391,2024-08-29,12
2024-08-29 13:00:00,0.3682345,0.3595603,2024-08-29,13
2024-08-29 14:00:00,0.2649509,0.2579291,2024-08-29,14
2024-08-29 15:00:00,0.2104469,0.2046453,2024-08-29,15
2024-08-29 16:00:00,0.1282567,0.1241715,2024-08-29,16
2024-08-29 17:00:00,0.02967454,0.02842326,2024-08-29,17
2024-08-29 18:00:00,0.0,0.0,2024-08-29,18
2024-08-29 19:00:00,0.0,0.0,2024-08-29,19
2024-08-29 20:00:00,0.0,0.0,2024-08-29,20
2024-08-29 21:00:00,0.0,0.0,2024-08-29,21
2024-08-29 22:00:00,0.0,0.0,2024-08-29,22
2024-08-29 23:00:00,0.0,0.0,2024-08-29,23
2024-08-30 00:00:00,0.0,0.0,2024-08-30,0
2024-08-30 01:00:00,0.0,0.0,2024-08-30,1
2024-08-30 02:00:00,0.0,0.0,2024-08-30,2
2024-08-30 03:00:00,0.0,0.0,2024-08-30,3
2024-08-30 04:00:00,0.0,0.0,2024-08-30,4
2024-08-30 05:00:00,0.02536401,0.01684233,2024-08-30,5
2024-08-30 06:00:00,0.02724088,0.02643531,2024-08-30,6
2024-08-30 07:00:00,0.06552704,0.0636473,2024-08-30,7
2024-08-30 08:00:00,0.1007657,0.0979178,2024-08-30,8
2024-08-30 09:00:00,0.1272922,0.1237215,2024-08-30,9
2024-08-30 10:00:00,0.1146137,0.1113849,2024-08-30,10
2024-08-30 11:00:00,0.1120804,0.1089194,2024-08-30,11
2024-08-30 12:00:00,0.1188698,0.1155242,2024-08-30,12
2024-08-30 13:00:00,0.0822624,0.07992575,2024-08-30,13
2024-08-30 14:00:00,0.103888,0.1009556,2024-08-30,14
2024-08-30 15:00:00,0.03684048,0.03577969,2024-08-30,15
2024-08-30 16:00:00,0.00766011,0.007436919,2024-08-30,16
2024-08-30 17:00:00,0.000793039,0.000769685,2024-08-30,17
2024-08-30 18:00:00,0.0,0.0,2024-08-30,18
2024-08-30 19:00:00,0.0,0.0,2024-08-30,19
2024-08-30 20:00:00,0.0,0.0,2024-08-30,20
2024-08-30 21:00:00,0.0,0.0,2024-08-30,21
2024-08-30 22:00:00,0.0,0.0,2024-08-30,22
2024-08-30 23:00:00,0.0,0.0,2024-08-30,23
2024-08-31 00:00:00,0.0,0.0,2024-08-31,0
2024-08-31 01:00:00,0.0,0.0,2024-08-31,1
2024-08-31 02:00:00,0.0,0.0,2024-08-31,2
2024-08-31 03:00:00,0.0,0.0,2024-08-31,3
2024-08-31 04:00:00,0.0,0.0,2024-08-31,4
2024-08-31 05:00:00,0.02259578,0.01706029,2024-08-31,5
2024-08-31 06:00:00,0.0769087,0.07453655,2024-08-31,6
2024-08-31 07:00:00,0.1021822,0.09927405,2024-08-31,7
2024-08-31 08:00:00,0.1607713,0.1563075,2024-08-31,8
2024-08-31 09:00:00,0.07289949,0.07082526,2024-08-31,9
2024-08-31 10:00:00,0.2443897,0.237755,2024-08-31,10
2024-08-31 11:00:00,0.1719949,0.1672266,2024-08-31,11
2024-08-31 12:00:00,0.488106,0.4803639,2024-08-31,12
2024-08-31 13:00:00,0.1595077,0.1550777,2024-08-31,13
2024-08-31 14:00:00,0.3173335,0.3098513,2024-08-31,14
2024-08-31 15:00:00,0.2482265,0.2418439,2024-08-31,15
2024-08-31 16:00:00,0.1590619,0.1533538,2024-08-31,16
2024-08-31 17:00:00,0.03278443,0.03111476,2024-08-31,17
2024-08-31 18:00:00,0.0,0.0,2024-08-31,18
2024-08-31 19:00:00,0.0,0.0,2024-08-31,19
2024-08-31 20:00:00,0.0,0.0,2024-08-31,20
2024-08-31 21:00:00,0.0,0.0,2024-08-31,21
2024-08-31 22:00:00,0.0,0.0,2024-08-31,22
2024-08-31 23:00:00,0.0,0.0,2024-08-31,23
2024-09-01 00:00:00,0.0,0.0,2024-09-01,0
2024-09-01 01:00:00,0.0,0.0,2024-09-01,1
2024-09-01 02:00:00,0.0,0.0,2024-09-01,2
2024-09-01 03:00:00,0.0,0.0,2024-09-01,3
2024-09-01 04:00:00,0.0,0.0,2024-09-01,4
2024-09-01 05:00:00,0.03149902,0.01087913,2024-09-01,5
2024-09-01 06:00:00,0.03046687,0.02956841,2024-09-01,6
2024-09-01 07:00:00,0.04176449,0.04056423,2024-09-01,7
2024-09-01 08:00:00,0.1439646,0.1399587,2024-09-01,8
2024-09-01 09:00:00,0.2687836,0.2616361,2024-09-01,9
2024-09-01 10:00:00,0.2388457,0.2323655,2024-09-01,10
2024-09-01 11:00:00,0.2763563,0.2689323,2024-09-01,11
2024-09-01 12:00:00,0.1670087,0.1623807,2024-09-01,12
2024-09-01 13:00:00,0.2724765,0.265213,2024-09-01,13
2024-09-01 14:00:00,0.19441,0.1890814,2024-09-01,14
2024-09-01 15:00:00,0.1119789,0.1088223,2024-09-01,15
2024-09-01 16:00:00,0.05772936,0.05604119,2024-09-01,16
2024-09-01 17:00:00,0.02301718,0.02210745,2024-09-01,17
2024-09-01 18:00:00,0.0,0.0,2024-09-01,18
2024-09-01 19:00:00,0.0,0.0,2024-09-01,19
2024-09-01 20:00:00,0.0,0.0,2024-09-01,20
2024-09-01 21:00:00,0.0,0.0,2024-09-01,21
2024-09-01 22:00:00,0.0,0.0,2024-09-01,22
2024-09-01 23:00:00,0.0,0.0,2024-09-01,23
2024-09-02 00:00:00,0.0,0.0,2024-09-02,0
2024-09-02 01:00:00,0.0,0.0,2024-09-02,1
2024-09-02 02:00:00,0.0,0.0,2024-09-02,2
2024-09-02 03:00:00,0.0,0.0,2024-09-02,3
2024-09-02 04:00:00,0.0,0.0,2024-09-02,4
2024-09-02 05:00:00,0.02292531,0.01633474,2024-09-02,5
2024-09-02 06:00:00,0.08131573,0.07882764,2024-09-02,6
2024-09-02 07:00:00,0.08651002,0.08405472,2024-09-02,7
2024-09-02 08:00:00,0.2764553,0.2696512,2024-09-02,8
2024-09-02 09:00:00,0.5602371,0.5604796,2024-09-02,9
2024-09-02 10:00:00,0.6548436,0.6596577,2024-09-02,10
2024-09-02 11:00:00,0.4510399,0.4424698,2024-09-02,11
2024-09-02 12:00:00,0.3951386,0.3862596,2024-09-02,12
2024-09-02 13:00:00,0.194668,0.1893363,2024-09-02,13
2024-09-02 14:00:00,0.206767,0.2011385,2024-09-02,14
2024-09-02 15:00:00,0.1281901,0.1246016,2024-09-02,15
2024-09-02 16:00:00,0.0517724,0.05026445,2024-09-02,16
2024-09-02 17:00:00,0.01776276,0.01710403,2024-09-02,17
2024-09-02 18:00:00,0.0,0.0,2024-09-02,18
2024-09-02 19:00:00,0.0,0.0,2024-09-02,19
2024-09-02 20:00:00,0.0,0.0,2024-09-02,20
2024-09-02 21:00:00,0.0,0.0,2024-09-02,21
2024-09-02 22:00:00,0.0,0.0,2024-09-02,22
2024-09-02 23:00:00,0.0,0.0,2024-09-02,23
2024-09-03 00:00:00,0.0,0.0,2024-09-03,0
2024-09-03 01:00:00,0.0,0.0,2024-09-03,1
2024-09-03 02:00:00,0.0,0.0,2024-09-03,2
2024-09-03 03:00:00,0.0,0.0,2024-09-03,3
2024-09-03 04:00:00,0.0,0.0,2024-09-03,4
2024-09-03 05:00:00,0.0309855,0.009931488,2024-09-03,5
2024-09-03 06:00:00,0.1415539,0.1352643,2024-09-03,6
2024-09-03 07:00:00,0.1315748,0.127893,2024-09-03,7
2024-09-03 08:00:00,0.2081822,0.2025541,2024-09-03,8
2024-09-03 09:00:00,0.3788799,0.3711665,2024-09-03,9
2024-09-03 10:00:00,0.4335511,0.4253935,2024-09-03,10
2024-09-03 11:00:00,0.6614875,0.6662233,2024-09-03,11
2024-09-03 12:00:00,0.3819661,0.3731698,2024-09-03,12
2024-09-03 13:00:00,0.614693,0.6195528,2024-09-03,13
2024-09-03 14:00:00,0.5441676,0.5472706,2024-09-03,14
2024-09-03 15:00:00,0.244548,0.2386452,2024-09-03,15
2024-09-03 16:00:00,0.1882908,0.1810023,2024-09-03,16
2024-09-03 17:00:00,0.02258805,0.02168098,2024-09-03,17
2024-09-03 18:00:00,0.0,0.0,2024-09-03,18
2024-09-03 19:00:00,0.0,0.0,2024-09-03,19
2024-09-03 20:00:00,0.0,0.0,2024-09-03,20
2024-09-03 21:00:00,0.0,0.0,2024-09-03,21
2024-09-03 22:00:00,0.0,0.0,2024-09-03,22
2024-09-03 23:00:00,0.0,0.0,2024-09-03,23
2024-09-04 00:00:00,0.0,0.0,2024-09-04,0
2024-09-04 01:00:00,0.0,0.0,2024-09-04,1
2024-09-04 02:00:00,0.0,0.0,2024-09-04,2
2024-09-04 03:00:00,0.0,0.0,2024-09-04,3
2024-09-04 04:00:00,0.0,0.0,2024-09-04,4
2024-09-04 05:00:00,0.03093706,0.009255324,2024-09-04,5
2024-09-04 06:00:00,0.1454643,0.1390965,2024-09-04,6
2024-09-04 07:00:00,0.2580339,0.2523956,2024-09-04,7
2024-09-04 08:00:00,0.396881,0.3924327,2024-09-04,8
2024-09-04 09:00:00,0.3396392,0.33182,2024-09-04,9
2024-09-04 10:00:00,0.2161524,0.2102841,2024-09-04,10
2024-09-04 11:00:00,0.3890365,0.3801405,2024-09-04,11
2024-09-04 12:00:00,0.3960604,0.3873993,2024-09-04,12
2024-09-04 13:00:00,0.3515309,0.3434907,2024-09-04,13
2024-09-04 14:00:00,0.3279951,0.3211235,2024-09-04,14
2024-09-04 15:00:00,0.1333902,0.1296872,2024-09-04,15
2024-09-04 16:00:00,0.03878086,0.03765803,2024-09-04,16
2024-09-04 17:00:00,0.03074234,0.02890311,2024-09-04,17
2024-09-04 18:00:00,0.0,0.0,2024-09-04,18
2024-09-04 19:00:00,0.0,0.0,2024-09-04,19
2024-09-04 20:00:00,0.0,0.0,2024-09-04,20
2024-09-04 21:00:00,0.0,0.0,2024-09-04,21
2024-09-04 22:00:00,0.0,0.0,2024-09-04,22
2024-09-04 23:00:00,0.0,0.0,2024-09-04,23
2024-09-05 00:00:00,0.0,0.0,2024-09-05,0
2024-09-05 01:00:00,0.0,0.0,2024-09-05,1
2024-09-05 02:00:00,0.0,0.0,2024-09-05,2
2024-09-05 03:00:00,0.0,0.0,2024-09-05,3
2024-09-05 04:00:00,0.0,0.0,2024-09-05,4
2024-09-05 05:00:00,0.02470725,0.01423712,2024-09-05,5
2024-09-05 06:00:00,0.004866197,0.004724441,2024-09-05,6
2024-09-05 07:00:00,0.0675899,0.06567481,2024-09-05,7
2024-09-05 08:00:00,0.02842523,0.02760719,2024-09-05,8
2024-09-05 09:00:00,0.003718114,0.003609659,2024-09-05,9
2024-09-05 10:00:00,0.1003679,0.09754353,2024-09-05,10
2024-09-05 11:00:00,0.1945717,0.1892541,2024-09-05,11
2024-09-05 12:00:00,0.04111358,0.03993325,2024-09-05,12
2024-09-05 13:00:00,0.02534509,0.02461365,2024-09-05,13
2024-09-05 14:00:00,0.02621821,0.02546272,2024-09-05,14
2024-09-05 15:00:00,0.1320171,0.1283639,2024-09-05,15
2024-09-05 16:00:00,0.09929439,0.09642148,2024-09-05,16
2024-09-05 17:00:00,0.01598179,0.0153891,2024-09-05,17
2024-09-05 18:00:00,0.0,0.0,2024-09-05,18
2024-09-05 19:00:00,0.0,0.0,2024-09-05,19
2024-09-05 20:00:00,0.0,0.0,2024-09-05,20
2024-09-05 21:00:00,0.0,0.0,2024-09-05,21
2024-09-05 22:00:00,0.0,0.0,2024-09-05,22
2024-09-05 23:00:00,0.0,0.0,2024-09-05,23
2024-09-06 00:00:00,0.0,0.0,2024-09-06,0
2024-09-06 01:00:00,0.0,0.0,2024-09-06,1
2024-09-06 02:00:00,0.0,0.0,2024-09-06,2
2024-09-06 03:00:00,0.0,0.0,2024-09-06,3
2024-09-06 04:00:00,0.0,0.0,2024-09-06,4
2024-09-06 05:00:00,0.02892337,0.0099244,2024-09-06,5
2024-09-06 06:00:00,0.1905565,0.1804134,2024-09-06,6
2024-09-06 07:00:00,0.2783451,0.273683,2024-09-06,7
2024-09-06 08:00:00,0.5248619,0.5315669,2024-09-06,8
2024-09-06 09:00:00,0.635271,0.6474351,2024-09-06,9
2024-09-06 10:00:00,0.9404785,0.9811193,2024-09-06,10
2024-09-06 11:00:00,0.9464841,0.9879056,2024-09-06,11
2024-09-06 12:00:00,0.7987003,0.8251941,2024-09-06,12
2024-09-06 13:00:00,0.5961371,0.6025141,2024-09-06,13
2024-09-06 14:00:00,0.5980945,0.6107466,2024-09-06,14
2024-09-06 15:00:00,0.344404,0.3414698,2024-09-06,15
2024-09-06 16:00:00,0.1192088,0.1157757,2024-09-06,16
2024-09-06 17:00:00,0.04130607,0.03424981,2024-09-06,17
2024-09-06 18:00:00,0.0,0.0,2024-09-06,18
2024-09-06 19:00:00,0.0,0.0,2024-09-06,19
2024-09-06 20:00:00,0.0,0.0,2024-09-06,20
2024-09-06 21:00:00,0.0,0.0,2024-09-06,21
2024-09-06 22:00:00,0.0,0.0,2024-09-06,22
2024-09-06 23:00:00,0.0,0.0,2024-09-06,23
2024-09-07 00:00:00,0.0,0.0,2024-09-07,0
2024-09-07 01:00:00,0.0,0.0,2024-09-07,1
2024-09-07 02:00:00,0.0,0.0,2024-09-07,2
2024-09-07 03:00:00,0.0,0.0,2024-09-07,3
2024-09-07 04:00:00,0.0,0.0,2024-09-07,4
2024-09-07 05:00:00,0.02434381,0.01341857,2024-09-07,5
2024-09-07 06:00:00,0.124191,0.1201959,2024-09-07,6
2024-09-07 07:00:00,0.2210413,0.216064,2024-09-07,7
2024-09-07 08:00:00,0.3471487,0.3418922,2024-09-07,8
2024-09-07 09:00:00,0.6567243,0.6729822,2024-09-07,9
2024-09-07 10:00:00,0.9172047,0.9586968,2024-09-07,10
2024-09-07 11:00:00,0.8194259,0.8492534,2024-09-07,11
2024-09-07 12:00:00,1.040513,1.090007,2024-09-07,12
2024-09-07 13:00:00,0.950698,0.9921725,2024-09-07,13
2024-09-07 14:00:00,0.7745659,0.8015158,2024-09-07,14
2024-09-07 15:00:00,0.5746836,0.583964,2024-09-07,15
2024-09-07 16:00:00,0.2628102,0.2538204,2024-09-07,16
2024-09-07 17:00:00,0.04582261,0.03404253,2024-09-07,17
2024-09-07 18:00:00,0.0,0.0,2024-09-07,18
2024-09-07 19:00:00,0.0,0.0,2024-09-07,19
2024-09-07 20:00:00,0.0,0.0,2024-09-07,20
2024-09-07 21:00:00,0.0,0.0,2024-09-07,21
2024-09-07 22:00:00,0.0,0.0,2024-09-07,22
2024-09-07 23:00:00,0.0,0.0,2024-09-07,23
2024-09-08 00:00:00,0.0,0.0,2024-09-08,0
2024-09-08 01:00:00,0.0,0.0,2024-09-08,1
2024-09-08 02:00:00,0.0,0.0,2024-09-08,2
2024-09-08 03:00:00,0.0,0.0,2024-09-08,3
2024-09-08 04:00:00,0.0,0.0,2024-09-08,4
2024-09-08 05:00:00,0.03247326,0.005095681,2024-09-08,5
2024-09-08 06:00:00,0.08471166,0.08226205,2024-09-08,6
2024-09-08 07:00:00,0.07981333,0.07757887,2024-09-08,7
2024-09-08 08:00:00,0.4605145,0.4634126,2024-09-08,8
2024-09-08 09:00:00,0.3452115,0.3377972,2024-09-08,9
2024-09-08 10:00:00,0.5789112,0.5813453,2024-09-08,10
2024-09-08 11:00:00,0.7263108,0.7449374,2024-09-08,11
2024-09-08 12:00:00,0.4838501,0.4783897,2024-09-08,12
2024-09-08 13:00:00,0.3774473,0.3701511,2024-09-08,13
2024-09-08 14:00:00,0.0840788,0.0817182,2024-09-08,14
2024-09-08 15:00:00,0.150034,0.1459646,2024-09-08,15
2024-09-08 16:00:00,0.0762681,0.07410146,2024-09-08,16
2024-09-08 17:00:00,0.01318169,0.01270222,2024-09-08,17
2024-09-08 18:00:00,0.0,0.0,2024-09-08,18
2024-09-08 19:00:00,0.0,0.0,2024-09-08,19
2024-09-08 20:00:00,0.0,0.0,2024-09-08,20
2024-09-08 21:00:00,0.0,0.0,2024-09-08,21
2024-09-08 22:00:00,0.0,0.0,2024-09-08,22
2024-09-08 23:00:00,0.0,0.0,2024-09-08,23
2024-09-09 00:00:00,0.0,0.0,2024-09-09,0
2024-09-09 01:00:00,0.0,0.0,2024-09-09,1
2024-09-09 02:00:00,0.0,0.0,2024-09-09,2
2024-09-09 03:00:00,0.0,0.0,2024-09-09,3
2024-09-09 04:00:00,0.0,0.0,2024-09-09,4
2024-09-09 05:00:00,0.02825603,0.008550934,2024-09-09,5
2024-09-09 06:00:00,0.2212652,0.2131321,2024-09-09,6
2024-09-09 07:00:00,0.4578759,0.466492,2024-09-09,7
2024-09-09 08:00:00,0.6901941,0.717312,2024-09-09,8
2024-09-09 09:00:00,0.8458365,0.8862758,2024-09-09,9
2024-09-09 10:00:00,0.9869141,1.038601,2024-09-09,10
2024-09-09 11:00:00,0.939582,0.9879801,2024-09-09,11
2024-09-09 12:00:00,0.8813078,0.9242035,2024-09-09,12
2024-09-09 13:00:00,0.7123778,0.7381735,2024-09-09,13
2024-09-09 14:00:00,0.5120307,0.5200897,2024-09-09,14
2024-09-09 15:00:00,0.4327275,0.4398786,2024-09-09,15
2024-09-09 16:00:00,0.2852029,0.2792561,2024-09-09,16
2024-09-09 17:00:00,0.04616422,0.03128132,2024-09-09,17
2024-09-09 18:00:00,0.0,0.0,2024-09-09,18
2024-09-09 19:00:00,0.0,0.0,2024-09-09,19
2024-09-09 20:00:00,0.0,0.0,2024-09-09,20
2024-09-09 21:00:00,0.0,0.0,2024-09-09,21
2024-09-09 22:00:00,0.0,0.0,2024-09-09,22
2024-09-09 23:00:00,0.0,0.0,2024-09-09,23
2024-09-10 00:00:00,0.0,0.0,2024-09-10,0
2024-09-10 01:00:00,0.0,0.0,2024-09-10,1
2024-09-10 02:00:00,0.0,0.0,2024-09-10,2
2024-09-10 03:00:00,0.0,0.0,2024-09-10,3
2024-09-10 04:00:00,0.0,0.0,2024-09-10,4
2024-09-10 05:00:00,0.02316849,0.01265469,2024-09-10,5
2024-09-10 06:00:00,0.2085258,0.2027822,2024-09-10,6
2024-09-10 07:00:00,0.5231673,0.5369154,2024-09-10,7
2024-09-10 08:00:00,0.7936268,0.8289265,2024-09-10,8
2024-09-10 09:00:00,0.9373631,0.9861927,2024-09-10,9
2024-09-10 10:00:00,1.039267,1.097181,2024-09-10,10
2024-09-10 11:00:00,1.077046,1.138327,2024-09-10,11
2024-09-10 12:00:00,1.024035,1.081204,2024-09-10,12
2024-09-10 13:00:00,0.9422821,0.9919901,2024-09-10,13
2024-09-10 14:00:00,0.7113435,0.7431217,2024-09-10,14
2024-09-10 15:00:00,0.3800564,0.3840552,2024-09-10,15
2024-09-10 16:00:00,0.241843,0.2382135,2024-09-10,16
2024-09-10 17:00:00,0.04374342,0.02995448,2024-09-10,17
2024-09-10 18:00:00,0.0,0.0,2024-09-10,18
2024-09-10 19:00:00,0.0,0.0,2024-09-10,19
2024-09-10 20:00:00,0.0,0.0,2024-09-10,20
2024-09-10 21:00:00,0.0,0.0,2024-09-10,21
2024-09-10 22:00:00,0.0,0.0,2024-09-10,22
2024-09-10 23:00:00,0.0,0.0,2024-09-10,23
2024-09-11 00:00:00,0.0,0.0,2024-09-11,0
2024-09-11 01:00:00,0.0,0.0,2024-09-11,1
2024-09-11 02:00:00,0.0,0.0,2024-09-11,2
2024-09-11 03:00:00,0.0,0.0,2024-09-11,3
2024-09-11 04:00:00,0.0,0.0,2024-09-11,4
2024-09-11 05:00:00,0.02257859,0.0125499,2024-09-11,5
2024-09-11 06:00:00,0.03887782,0.03777076,2024-09-11,6
2024-09-11 07:00:00,0.07713127,0.07498624,2024-09-11,7
2024-09-11 08:00:00,0.07817248,0.07598276,2024-09-11,8
2024-09-11 09:00:00,0.2372631,0.2310279,2024-09-11,9
2024-09-11 10:00:00,0.1729025,0.1681973,2024-09-11,10
2024-09-11 11:00:00,0.1158204,0.1125935,2024-09-11,11
2024-09-11 12:00:00,0.05302685,0.05151489,2024-09-11,12
2024-09-11 13:00:00,0.06010731,0.05840147,2024-09-11,13
2024-09-11 14:00:00,0.05176961,0.05029998,2024-09-11,14
2024-09-11 15:00:00,0.0582208,0.05658254,2024-09-11,15
2024-09-11 16:00:00,0.05859229,0.05694563,2024-09-11,16
2024-09-11 17:00:00,0.01148663,0.01107087,2024-09-11,17
2024-09-11 18:00:00,0.0,0.0,2024-09-11,18
2024-09-11 19:00:00,0.0,0.0,2024-09-11,19
2024-09-11 20:00:00,0.0,0.0,2024-09-11,20
2024-09-11 21:00:00,0.0,0.0,2024-09-11,21
2024-09-11 22:00:00,0.0,0.0,2024-09-11,22
2024-09-11 23:00:00,0.0,0.0,2024-09-11,23
2024-09-12 00:00:00,0.0,0.0,2024-09-12,0
2024-09-12 01:00:00,0.0,0.0,2024-09-12,1
2024-09-12 02:00:00,0.0,0.0,2024-09-12,2
2024-09-12 03:00:00,0.0,0.0,2024-09-12,3
2024-09-12 04:00:00,0.0,0.0,2024-09-12,4
2024-09-12 05:00:00,0.01747199,0.01379377,2024-09-12,5
2024-09-12 06:00:00,0.01968464,0.01912008,2024-09-12,6
2024-09-12 07:00:00,0.0338618,0.03289747,2024-09-12,7
2024-09-12 08:00:00,0.1584274,0.1541725,2024-09-12,8
2024-09-12 09:00:00,0.2221868,0.2163247,2024-09-12,9
2024-09-12 10:00:00,0.1887225,0.1836288,2024-09-12,10
2024-09-12 11:00:00,0.1589019,0.1545521,2024-09-12,11
2024-09-12 12:00:00,0.1270801,0.1235624,2024-09-12,12
2024-09-12 13:00:00,0.007847551,0.007619361,2024-09-12,13
2024-09-12 14:00:00,0.09949385,0.09673658,2024-09-12,14
2024-09-12 15:00:00,0.0235665,0.02289049,2024-09-12,15
2024-09-12 16:00:00,0.04107493,0.03991424,2024-09-12,16
2024-09-12 17:00:00,0.01167694,0.01124884,2024-09-12,17
2024-09-12 18:00:00,0.0,0.0,2024-09-12,18
2024-09-12 19:00:00,0.0,0.0,2024-09-12,19
2024-09-12 20:00:00,0.0,0.0,2024-09-12,20
2024-09-12 21:00:00,0.0,0.0,2024-09-12,21
2024-09-12 22:00:00,0.0,0.0,2024-09-12,22
2024-09-12 23:00:00,0.0,0.0,2024-09-12,23
2024-09-13 00:00:00,0.0,0.0,2024-09-13,0
2024-09-13 01:00:00,0.0,0.0,2024-09-13,1
2024-09-13 02:00:00,0.0,0.0,2024-09-13,2
2024-09-13 03:00:00,0.0,0.0,2024-09-13,3
2024-09-13 04:00:00,0.0,0.0,2024-09-13,4
2024-09-13 05:00:00,0.01644848,0.01344109,2024-09-13,5
2024-09-13 06:00:00,0.1437224,0.141267,2024-09-13,6
2024-09-13 07:00:00,0.4488409,0.4665915,2024-09-13,7
2024-09-13 08:00:00,0.3892998,0.3890274,2024-09-13,8
2024-09-13 09:00:00,0.5189387,0.5241222,2024-09-13,9
2024-09-13 10:00:00,0.7026281,0.7280416,2024-09-13,10
2024-09-13 11:00:00,0.9749573,1.037396,2024-09-13,11
2024-09-13 12:00:00,0.8359029,0.8825886,2024-09-13,12
2024-09-13 13:00:00,0.7423804,0.7810679,2024-09-13,13
2024-09-13 14:00:00,0.528419,0.5447489,2024-09-13,14
2024-09-13 15:00:00,0.3497793,0.3544946,2024-09-13,15
2024-09-13 16:00:00,0.1909826,0.1899275,2024-09-13,16
2024-09-13 17:00:00,0.03878625,0.02616929,2024-09-13,17
2024-09-13 18:00:00,0.0,0.0,2024-09-13,18
2024-09-13 19:00:00,0.0,0.0,2024-09-13,19
2024-09-13 20:00:00,0.0,0.0,2024-09-13,20
2024-09-13 21:00:00,0.0,0.0,2024-09-13,21
2024-09-13 22:00:00,0.0,0.0,2024-09-13,22
2024-09-13 23:00:00,0.0,0.0,2024-09-13,23
2024-09-14 00:00:00,0.0,0.0,2024-09-14,0
2024-09-14 01:00:00,0.0,0.0,2024-09-14,1
2024-09-14 02:00:00,0.0,0.0,2024-09-14,2
2024-09-14 03:00:00,0.0,0.0,2024-09-14,3
2024-09-14 04:00:00,0.0,0.0,2024-09-14,4
2024-09-14 05:00:00,0.01995849,0.012689,2024-09-14,5
2024-09-14 06:00:00,0.04925257,0.04788235,2024-09-14,6
2024-09-14 07:00:00,0.1619333,0.1578522,2024-09-14,7
2024-09-14 08:00:00,0.3377345,0.3340671,2024-09-14,8
2024-09-14 09:00:00,0.3970895,0.3920395,2024-09-14,9
2024-09-14 10:00:00,0.8180599,0.8648967,2024-09-14,10
2024-09-14 11:00:00,0.9551537,1.018388,2024-09-14,11
2024-09-14 12:00:00,0.8473587,0.8981431,2024-09-14,12
2024-09-14 13:00:00,0.5376019,0.5450736,2024-09-14,13
2024-09-14 14:00:00,0.4465588,0.4522081,2024-09-14,14
2024-09-14 15:00:00,0.1174922,0.114334,2024-09-14,15
2024-09-14 16:00:00,0.1126544,0.1099743,2024-09-14,16
2024-09-14 17:00:00,0.005974248,0.00577771,2024-09-14,17
2024-09-14 18:00:00,0.0,0.0,2024-09-14,18
2024-09-14 19:00:00,0.0,0.0,2024-09-14,19
2024-09-14 20:00:00,0.0,0.0,2024-09-14,20
2024-09-14 21:00:00,0.0,0.0,2024-09-14,21
2024-09-14 22:00:00,0.0,0.0,2024-09-14,22
2024-09-14 23:00:00,0.0,0.0,2024-09-14,23
2024-09-15 00:00:00,0.0,0.0,2024-09-15,0
2024-09-15 01:00:00,0.0,0.0,2024-09-15,1
2024-09-15 02:00:00,0.0,0.0,2024-09-15,2
2024-09-15 03:00:00,0.0,0.0,2024-09-15,3
2024-09-15 04:00:00,0.0,0.0,2024-09-15,4
2024-09-15 05:00:00,0.02087263,0.01171232,2024-09-15,5
2024-09-15 06:00:00,0.04686865,0.04557025,2024-09-15,6
2024-09-15 07:00:00,0.02876196,0.02794253,2024-09-15,7
2024-09-15 08:00:00,0.05968369,0.05800384,2024-09-15,8
2024-09-15 09:00:00,0.1009298,0.09812849,2024-09-15,9
2024-09-15 10:00:00,0.05675752,0.05514519,2024-09-15,10
2024-09-15 11:00:00,0.1762171,0.1714504,2024-09-15,11
2024-09-15 12:00:00,0.2809261,0.2737383,2024-09-15,12
2024-09-15 13:00:00,0.2916324,0.2846118,2024-09-15,13
2024-09-15 14:00:00,0.1448152,0.1409239,2024-09-15,14
2024-09-15 15:00:00,0.1697827,0.1655597,2024-09-15,15
2024-09-15 16:00:00,0.05669155,0.055134,2024-09-15,16
2024-09-15 17:00:00,0.004407611,0.004267052,2024-09-15,17
2024-09-15 18:00:00,0.0,0.0,2024-09-15,18
2024-09-15 19:00:00,0.0,0.0,2024-09-15,19
2024-09-15 20:00:00,0.0,0.0,2024-09-15,20
2024-09-15 21:00:00,0.0,0.0,2024-09-15,21
2024-09-15 22:00:00,0.0,0.0,2024-09-15,22
2024-09-15 23:00:00,0.0,0.0,2024-09-15,23
2024-09-16 00:00:00,0.0,0.0,2024-09-16,0
2024-09-16 01:00:00,0.0,0.0,2024-09-16,1
2024-09-16 02:00:00,0.0,0.0,2024-09-16,2
2024-09-16 03:00:00,0.0,0.0,2024-09-16,3
2024-09-16 04:00:00,0.0,0.0,2024-09-16,4
2024-09-16 05:00:00,0.01596008,0.01276887,2024-09-16,5
2024-09-16 06:00:00,0.07320962,0.07126163,2024-09-16,6
2024-09-16 07:00:00,0.08290477,0.08064136,2024-09-16,7
2024-09-16 08:00:00,0.1437806,0.1399329,2024-09-16,8
2024-09-16 09:00:00,0.4099673,0.406179,2024-09-16,9
2024-09-16 10:00:00,0.2938883,0.286525,2024-09-16,10
2024-09-16 11:00:00,0.2877817,0.280437,2024-09-16,11
2024-09-16 12:00:00,0.2942271,0.2868412,2024-09-16,12
2024-09-16 13:00:00,0.1897896,0.1847516,2024-09-16,13
2024-09-16 14:00:00,0.1300529,0.126538,2024-09-16,14
2024-09-16 15:00:00,0.1838221,0.179571,2024-09-16,15
2024-09-16 16:00:00,0.1136753,0.1112627,2024-09-16,16
2024-09-16 17:00:00,0.02547244,0.02147455,2024-09-16,17
2024-09-16 18:00:00,0.0,0.0,2024-09-16,18
2024-09-16 19:00:00,0.0,0.0,2024-09-16,19
2024-09-16 20:00:00,0.0,0.0,2024-09-16,20
2024-09-16 21:00:00,0.0,0.0,2024-09-16,21
2024-09-16 22:00:00,0.0,0.0,2024-09-16,22
2024-09-16 23:00:00,0.0,0.0,2024-09-16,23
2024-09-17 00:00:00,0.0,0.0,2024-09-17,0
2024-09-17 01:00:00,0.0,0.0,2024-09-17,1
2024-09-17 02:00:00,0.0,0.0,2024-09-17,2
2024-09-17 03:00:00,0.0,0.0,2024-09-17,3
2024-09-17 04:00:00,0.0,0.0,2024-09-17,4
2024-09-17 05:00:00,0.02407549,0.00765,2024-09-17,5
2024-09-17 06:00:00,0.1485913,0.1487274,2024-09-17,6
2024-09-17 07:00:00,0.2616398,0.2611933,2024-09-17,7
2024-09-17 08:00:00,0.384992,0.3864883,2024-09-17,8
2024-09-17 09:00:00,0.6303824,0.6586812,2024-09-17,9
2024-09-17 10:00:00,0.7172467,0.7520191,2024-09-17,10
2024-09-17 11:00:00,0.6779964,0.7013407,2024-09-17,11
2024-09-17 12:00:00,0.5704898,0.5784398,2024-09-17,12
2024-09-17 13:00:00,0.3387696,0.3321146,2024-09-17,13
2024-09-17 14:00:00,0.5705953,0.6019586,2024-09-17,14
2024-09-17 15:00:00,0.3272857,0.3338976,2024-09-17,15
2024-09-17 16:00:00,0.07754234,0.07550424,2024-09-17,16
2024-09-17 17:00:00,0.02251526,0.01972051,2024-09-17,17
2024-09-17 18:00:00,0.0,0.0,2024-09-17,18
2024-09-17 19:00:00,0.0,0.0,2024-09-17,19
2024-09-17 20:00:00,0.0,0.0,2024-09-17,20
2024-09-17 21:00:00,0.0,0.0,2024-09-17,21
2024-09-17 22:00:00,0.0,0.0,2024-09-17,22
2024-09-17 23:00:00,0.0,0.0,2024-09-17,23
2024-09-18 00:00:00,0.0,0.0,2024-09-18,0
2024-09-18 01:00:00,0.0,0.0,2024-09-18,1
2024-09-18 02:00:00,0.0,0.0,2024-09-18,2
2024-09-18 03:00:00,0.0,0.0,2024-09-18,3
2024-09-18 04:00:00,0.0,0.0,2024-09-18,4
2024-09-18 05:00:00,0.02205463,0.0,2024-09-18,5
2024-09-18 06:00:00,0.1524638,0.1537341,2024-09-18,6
2024-09-18 07:00:00,0.3149509,0.3220524,2024-09-18,7
2024-09-18 08:00:00,0.542459,0.5718419,2024-09-18,8
2024-09-18 09:00:00,0.7663289,0.8217111,2024-09-18,9
2024-09-18 10:00:00,0.8818935,0.9483185,2024-09-18,10
2024-09-18 11:00:00,0.8927969,0.9586786,2024-09-18,11
2024-09-18 12:00:00,0.7050495,0.7386227,2024-09-18,12
2024-09-18 13:00:00,0.3774975,0.3721919,2024-09-18,13
2024-09-18 14:00:00,0.3784155,0.3790537,2024-09-18,14
2024-09-18 15:00:00,0.3681955,0.3834214,2024-09-18,15
2024-09-18 16:00:00,0.1796679,0.1835058,2024-09-18,16
2024-09-18 17:00:00,0.02692162,0.02111892,2024-09-18,17
2024-09-18 18:00:00,0.0,0.0,2024-09-18,18
2024-09-18 19:00:00,0.0,0.0,2024-09-18,19
2024-09-18 20:00:00,0.0,0.0,2024-09-18,20
2024-09-18 21:00:00,0.0,0.0,2024-09-18,21
2024-09-18 22:00:00,0.0,0.0,2024-09-18,22
2024-09-18 23:00:00,0.0,0.0,2024-09-18,23
2024-09-19 00:00:00,0.0,0.0,2024-09-19,0
2024-09-19 01:00:00,0.0,0.0,2024-09-19,1
2024-09-19 02:00:00,0.0,0.0,2024-09-19,2
2024-09-19 03:00:00,0.0,0.0,2024-09-19,3
2024-09-19 04:00:00,0.0,0.0,2024-09-19,4
2024-09-19 05:00:00,0.02581488,0.0,2024-09-19,5
2024-09-19 06:00:00,0.127566,0.1268916,2024-09-19,6
2024-09-19 07:00:00,0.2373088,0.2356126,2024-09-19,7
2024-09-19 08:00:00,0.6262245,0.673026,2024-09-19,8
2024-09-19 09:00:00,0.7074072,0.7548525,2024-09-19,9
2024-09-19 10:00:00,0.7891656,0.8423178,2024-09-19,10
2024-09-19 11:00:00,0.4909415,0.4889759,2024-09-19,11
2024-09-19 12:00:00,0.8104898,0.8673803,2024-09-19,12
2024-09-19 13:00:00,0.5992515,0.6236645,2024-09-19,13
2024-09-19 14:00:00,0.4235759,0.4309617,2024-09-19,14
2024-09-19 15:00:00,0.3731311,0.3912272,2024-09-19,15
2024-09-19 16:00:00,0.1583494,0.1602948,2024-09-19,16
2024-09-19 17:00:00,0.01577743,0.01490965,2024-09-19,17
2024-09-19 18:00:00,0.0,0.0,2024-09-19,18
2024-09-19 19:00:00,0.0,0.0,2024-09-19,19
2024-09-19 20:00:00,0.0,0.0,2024-09-19,20
2024-09-19 21:00:00,0.0,0.0,2024-09-19,21
2024-09-19 22:00:00,0.0,0.0,2024-09-19,22
2024-09-19 23:00:00,0.0,0.0,2024-09-19,23
2024-09-20 00:00:00,0.0,0.0,2024-09-20,0
2024-09-20 01:00:00,0.0,0.0,2024-09-20,1
2024-09-20 02:00:00,0.0,0.0,2024-09-20,2
2024-09-20 03:00:00,0.0,0.0,2024-09-20,3
2024-09-20 04:00:00,0.0,0.0,2024-09-20,4
2024-09-20 05:00:00,0.02203548,0.0,2024-09-20,5
2024-09-20 06:00:00,0.089996,0.0880142,2024-09-20,6
2024-09-20 07:00:00,0.1507037,0.1469864,2024-09-20,7
2024-09-20 08:00:00,0.2510646,0.2456563,2024-09-20,8
2024-09-20 09:00:00,0.4492712,0.4504693,2024-09-20,9
2024-09-20 10:00:00,0.472098,0.4704585,2024-09-20,10
2024-09-20 11:00:00,0.7341861,0.77384,2024-09-20,11
2024-09-20 12:00:00,0.6086888,0.6260276,2024-09-20,12
2024-09-20 13:00:00,0.6993482,0.7468404,2024-09-20,13
2024-09-20 14:00:00,0.5020821,0.5257241,2024-09-20,14
2024-09-20 15:00:00,0.3972733,0.4225257,2024-09-20,15
2024-09-20 16:00:00,0.1432906,0.1441428,2024-09-20,16
2024-09-20 17:00:00,0.01624928,0.01555699,2024-09-20,17
2024-09-20 18:00:00,0.0,0.0,2024-09-20,18
2024-09-20 19:00:00,0.0,0.0,2024-09-20,19
2024-09-20 20:00:00,0.0,0.0,2024-09-20,20
2024-09-20 21:00:00,0.0,0.0,2024-09-20,21
2024-09-20 22:00:00,0.0,0.0,2024-09-20,22
2024-09-20 23:00:00,0.0,0.0,2024-09-20,23
2024-09-21 00:00:00,0.0,0.0,2024-09-21,0
2024-09-21 01:00:00,0.0,0.0,2024-09-21,1
2024-09-21 02:00:00,0.0,0.0,2024-09-21,2
2024-09-21 03:00:00,0.0,0.0,2024-09-21,3
2024-09-21 04:00:00,0.0,0.0,2024-09-21,4
2024-09-21 05:00:00,0.02042504,0.0,2024-09-21,5
2024-09-21 06:00:00,0.08209588,0.08017351,2024-09-21,6
2024-09-21 07:00:00,0.1435094,0.1399291,2024-09-21,7
2024-09-21 08:00:00,0.4282995,0.4391035,2024-09-21,8
2024-09-21 09:00:00,0.09498964,0.09236468,2024-09-21,9
2024-09-21 10:00:00,0.1473183,0.1433305,2024-09-21,10
2024-09-21 11:00:00,0.4697186,0.4667455,2024-09-21,11
2024-09-21 12:00:00,0.6198086,0.6405313,2024-09-21,12
2024-09-21 13:00:00,0.3396673,0.3336064,2024-09-21,13
2024-09-21 14:00:00,0.1299699,0.1265061,2024-09-21,14
2024-09-21 15:00:00,0.04263544,0.04144348,2024-09-21,15
2024-09-21 16:00:00,0.06397042,0.06232528,2024-09-21,16
2024-09-21 17:00:00,0.006772484,0.006674937,2024-09-21,17
2024-09-21 18:00:00,0.0,0.0,2024-09-21,18
2024-09-21 19:00:00,0.0,0.0,2024-09-21,19
2024-09-21 20:00:00,0.0,0.0,2024-09-21,20
2024-09-21 21:00:00,0.0,0.0,2024-09-21,21
2024-09-21 22:00:00,0.0,0.0,2024-09-21,22
2024-09-21 23:00:00,0.0,0.0,2024-09-21,23
2024-09-22 00:00:00,0.0,0.0,2024-09-22,0
2024-09-22 01:00:00,0.0,0.0,2024-09-22,1
2024-09-22 02:00:00,0.0,0.0,2024-09-22,2
2024-09-22 03:00:00,0.0,0.0,2024-09-22,3
2024-09-22 04:00:00,0.0,0.0,2024-09-22,4
2024-09-22 05:00:00,0.01175091,0.0,2024-09-22,5
2024-09-22 06:00:00,0.1693975,0.1778963,2024-09-22,6
2024-09-22 07:00:00,0.4886686,0.5351646,2024-09-22,7
2024-09-22 08:00:00,0.7330386,0.8013795,2024-09-22,8
2024-09-22 09:00:00,0.8317006,0.9072203,2024-09-22,9
2024-09-22 10:00:00,0.8705282,0.9460431,2024-09-22,10
2024-09-22 11:00:00,1.016061,1.108549,2024-09-22,11
2024-09-22 12:00:00,0.9517313,1.038139,2024-09-22,12
2024-09-22 13:00:00,0.8481206,0.9254862,2024-09-22,13
2024-09-22 14:00:00,0.5518277,0.5908067,2024-09-22,14
2024-09-22 15:00:00,0.3532309,0.372846,2024-09-22,15
2024-09-22 16:00:00,0.2000802,0.2158561,2024-09-22,16
2024-09-22 17:00:00,0.02888497,0.0,2024-09-22,17
2024-09-22 18:00:00,0.0,0.0,2024-09-22,18
2024-09-22 19:00:00,0.0,0.0,2024-09-22,19
2024-09-22 20:00:00,0.0,0.0,2024-09-22,20
2024-09-22 21:00:00,0.0,0.0,2024-09-22,21
2024-09-22 22:00:00,0.0,0.0,2024-09-22,22
2024-09-22 23:00:00,0.0,0.0,2024-09-22,23
2024-09-23 00:00:00,0.0,0.0,2024-09-23,0
2024-09-23 01:00:00,0.0,0.0,2024-09-23,1
2024-09-23 02:00:00,0.0,0.0,2024-09-23,2
2024-09-23 03:00:00,0.0,0.0,2024-09-23,3
2024-09-23 04:00:00,0.0,0.0,2024-09-23,4
2024-09-23 05:00:00,0.01894213,0.0,2024-09-23,5
2024-09-23 06:00:00,0.1772653,0.1893035,2024-09-23,6
2024-09-23 07:00:00,0.3342315,0.3512233,2024-09-23,7
2024-09-23 08:00:00,0.5002633,0.5291977,2024-09-23,8
2024-09-23 09:00:00,0.531082,0.5472995,2024-09-23,9
2024-09-23 10:00:00,0.607898,0.6287823,2024-09-23,10
2024-09-23 11:00:00,0.8812321,0.9585092,2024-09-23,11
2024-09-23 12:00:00,0.6791109,0.7158926,2024-09-23,12
2024-09-23 13:00:00,0.7535781,0.8196223,2024-09-23,13
2024-09-23 14:00:00,0.558553,0.6015068,2024-09-23,14
2024-09-23 15:00:00,0.2197043,0.2178009,2024-09-23,15
2024-09-23 16:00:00,0.1200176,0.1200136,2024-09-23,16
2024-09-23 17:00:00,0.009954373,0.0,2024-09-23,17
2024-09-23 18:00:00,0.0,0.0,2024-09-23,18
2024-09-23 19:00:00,0.0,0.0,2024-09-23,19
2024-09-23 20:00:00,0.0,0.0,2024-09-23,20
2024-09-23 21:00:00,0.0,0.0,2024-09-23,21
2024-09-23 22:00:00,0.0,0.0,2024-09-23,22
2024-09-23 23:00:00,0.0,0.0,2024-09-23,23
2024-09-24 00:00:00,0.0,0.0,2024-09-24,0
2024-09-24 01:00:00,0.0,0.0,2024-09-24,1
2024-09-24 02:00:00,0.0,0.0,2024-09-24,2
2024-09-24 03:00:00,0.0,0.0,2024-09-24,3
2024-09-24 04:00:00,0.0,0.0,2024-09-24,4
2024-09-24 05:00:00,0.01600249,0.0,2024-09-24,5
2024-09-24 06:00:00,0.217573,0.243133,2024-09-24,6
2024-09-24 07:00:00,0.4500628,0.4966636,2024-09-24,7
2024-09-24 08:00:00,0.5946088,0.6481394,2024-09-24,8
2024-09-24 09:00:00,0.7948203,0.8708425,2024-09-24,9
2024-09-24 10:00:00,0.9455971,1.037287,2024-09-24,10
2024-09-24 11:00:00,0.7895691,0.8501512,2024-09-24,11
2024-09-24 12:00:00,0.5946158,0.6139714,2024-09-24,12
2024-09-24 13:00:00,0.6003091,0.6335061,2024-09-24,13
2024-09-24 14:00:00,0.4946724,0.5240982,2024-09-24,14
2024-09-24 15:00:00,0.3514635,0.37469,2024-09-24,15
2024-09-24 16:00:00,0.16464,0.1748933,2024-09-24,16
2024-09-24 17:00:00,0.02078087,0.0,2024-09-24,17
2024-09-24 18:00:00,0.0,0.0,2024-09-24,18
2024-09-24 19:00:00,0.0,0.0,2024-09-24,19
2024-09-24 20:00:00,0.0,0.0,2024-09-24,20
2024-09-24 21:00:00,0.0,0.0,2024-09-24,21
2024-09-24 22:00:00,0.0,0.0,2024-09-24,22
2024-09-24 23:00:00,0.0,0.0,2024-09-24,23
2024-09-25 00:00:00,0.0,0.0,2024-09-25,0
2024-09-25 01:00:00,0.0,0.0,2024-09-25,1
2024-09-25 02:00:00,0.0,0.0,2024-09-25,2
2024-09-25 03:00:00,0.0,0.0,2024-09-25,3
2024-09-25 04:00:00,0.0,0.0,2024-09-25,4
2024-09-25 05:00:00,0.02200953,0.0,2024-09-25,5
2024-09-25 06:00:00,0.2267752,0.2573015,2024-09-25,6
2024-09-25 07:00:00,0.4946939,0.5508844,2024-09-25,7
2024-09-25 08:00:00,0.6891454,0.7616683,2024-09-25,8
2024-09-25 09:00:00,0.9254494,1.020802,2024-09-25,9
2024-09-25 10:00:00,0.9772018,1.075471,2024-09-25,10
2024-09-25 11:00:00,1.017241,1.119143,2024-09-25,11
2024-09-25 12:00:00,1.015811,1.118599,2024-09-25,12
2024-09-25 13:00:00,0.8586984,0.9462814,2024-09-25,13
2024-09-25 14:00:00,0.7036993,0.7780921,2024-09-25,14
2024-09-25 15:00:00,0.5070273,0.5650428,2024-09-25,15
2024-09-25 16:00:00,0.2420059,0.2760943,2024-09-25,16
2024-09-25 17:00:00,0.01959722,0.0,2024-09-25,17
2024-09-25 18:00:00,0.0,0.0,2024-09-25,18
2024-09-25 19:00:00,0.0,0.0,2024-09-25,19
2024-09-25 20:00:00,0.0,0.0,2024-09-25,20
2024-09-25 21:00:00,0.0,0.0,2024-09-25,21
2024-09-25 22:00:00,0.0,0.0,2024-09-25,22
2024-09-25 23:00:00,0.0,0.0,2024-09-25,23
2024-09-26 00:00:00,0.0,0.0,2024-09-26,0
2024-09-26 01:00:00,0.0,0.0,2024-09-26,1
2024-09-26 02:00:00,0.0,0.0,2024-09-26,2
2024-09-26 03:00:00,0.0,0.0,2024-09-26,3
2024-09-26 04:00:00,0.0,0.0,2024-09-26,4
2024-09-26 05:00:00,0.01605631,0.0,2024-09-26,5
2024-09-26 06:00:00,0.1043629,0.1036707,2024-09-26,6
2024-09-26 07:00:00,0.08372386,0.0815176,2024-09-26,7
2024-09-26 08:00:00,0.1073762,0.1045027,2024-09-26,8
2024-09-26 09:00:00,0.1725532,0.1680507,2024-09-26,9
2024-09-26 10:00:00,0.4244151,0.420882,2024-09-26,10
2024-09-26 11:00:00,0.6528915,0.6836542,2024-09-26,11
2024-09-26 12:00:00,0.7514505,0.8123127,2024-09-26,12
2024-09-26 13:00:00,0.4858198,0.4965427,2024-09-26,13
2024-09-26 14:00:00,0.4144344,0.4278727,2024-09-26,14
2024-09-26 15:00:00,0.3197303,0.3381843,2024-09-26,15
2024-09-26 16:00:00,0.131113,0.1352217,2024-09-26,16
2024-09-26 17:00:00,0.00720504,0.0,2024-09-26,17
2024-09-26 18:00:00,0.0,0.0,2024-09-26,18
2024-09-26 19:00:00,0.0,0.0,2024-09-26,19
2024-09-26 20:00:00,0.0,0.0,2024-09-26,20
2024-09-26 21:00:00,0.0,0.0,2024-09-26,21
2024-09-26 22:00:00,0.0,0.0,2024-09-26,22
2024-09-26 23:00:00,0.0,0.0,2024-09-26,23
2024-09-27 00:00:00,0.0,0.0,2024-09-27,0
2024-09-27 01:00:00,0.0,0.0,2024-09-27,1
2024-09-27 02:00:00,0.0,0.0,2024-09-27,2
2024-09-27 03:00:00,0.0,0.0,2024-09-27,3
2024-09-27 04:00:00,0.0,0.0,2024-09-27,4
2024-09-27 05:00:00,0.014579,0.0,2024-09-27,5
2024-09-27 06:00:00,0.0874291,0.08593656,2024-09-27,6
2024-09-27 07:00:00,0.2541528,0.2577283,2024-09-27,7
2024-09-27 08:00:00,0.2629211,0.2583635,2024-09-27,8
2024-09-27 09:00:00,0.1939153,0.1889464,2024-09-27,9
2024-09-27 10:00:00,0.1563431,0.1521765,2024-09-27,10
2024-09-27 11:00:00,0.1628014,0.1584639,2024-09-27,11
2024-09-27 12:00:00,0.2948534,0.2879109,2024-09-27,12
2024-09-27 13:00:00,0.4702111,0.4790488,2024-09-27,13
2024-09-27 14:00:00,0.3931201,0.403271,2024-09-27,14
2024-09-27 15:00:00,0.2374645,0.2392844,2024-09-27,15
2024-09-27 16:00:00,0.07260409,0.07104191,2024-09-27,16
2024-09-27 17:00:00,0.002896445,0.0,2024-09-27,17
2024-09-27 18:00:00,0.0,0.0,2024-09-27,18
2024-09-27 19:00:00,0.0,0.0,2024-09-27,19
2024-09-27 20:00:00,0.0,0.0,2024-09-27,20
2024-09-27 21:00:00,0.0,0.0,2024-09-27,21
2024-09-27 22:00:00,0.0,0.0,2024-09-27,22
2024-09-27 23:00:00,0.0,0.0,2024-09-27,23
2024-09-28 00:00:00,0.0,0.0,2024-09-28,0
2024-09-28 01:00:00,0.0,0.0,2024-09-28,1
2024-09-28 02:00:00,0.0,0.0,2024-09-28,2
2024-09-28 03:00:00,0.0,0.0,2024-09-28,3
2024-09-28 04:00:00,0.0,0.0,2024-09-28,4
2024-09-28 05:00:00,0.01052316,0.0,2024-09-28,5
2024-09-28 06:00:00,0.1126295,0.1133893,2024-09-28,6
2024-09-28 07:00:00,0.2278889,0.2281983,2024-09-28,7
2024-09-28 08:00:00,0.2430194,0.2381317,2024-09-28,8
2024-09-28 09:00:00,0.3203828,0.3147144,2024-09-28,9
2024-09-28 10:00:00,0.3233565,0.3164207,2024-09-28,10
2024-09-28 11:00:00,0.4611509,0.4599822,2024-09-28,11
2024-09-28 12:00:00,0.8372748,0.9234015,2024-09-28,12
2024-09-28 13:00:00,0.7838362,0.8699349,2024-09-28,13
2024-09-28 14:00:00,0.5278686,0.5752488,2024-09-28,14
2024-09-28 15:00:00,0.2540342,0.2593468,2024-09-28,15
2024-09-28 16:00:00,0.09156013,0.09077478,2024-09-28,16
2024-09-28 17:00:00,0.005631693,0.0,2024-09-28,17
2024-09-28 18:00:00,0.0,0.0,2024-09-28,18
2024-09-28 19:00:00,0.0,0.0,2024-09-28,19
2024-09-28 20:00:00,0.0,0.0,2024-09-28,20
2024-09-28 21:00:00,0.0,0.0,2024-09-28,21
2024-09-28 22:00:00,0.0,0.0,2024-09-28,22
2024-09-28 23:00:00,0.0,0.0,2024-09-28,23
2024-09-29 00:00:00,0.0,0.0,2024-09-29,0
2024-09-29 01:00:00,0.0,0.0,2024-09-29,1
2024-09-29 02:00:00,0.0,0.0,2024-09-29,2
2024-09-29 03:00:00,0.0,0.0,2024-09-29,3
2024-09-29 04:00:00,0.0,0.0,2024-09-29,4
2024-09-29 05:00:00,0.01625031,0.0,2024-09-29,5
2024-09-29 06:00:00,0.1492882,0.1601744,2024-09-29,6
2024-09-29 07:00:00,0.3393899,0.3669726,2024-09-29,7
2024-09-29 08:00:00,0.571237,0.631345,2024-09-29,8
2024-09-29 09:00:00,0.8645936,0.9650784,2024-09-29,9
2024-09-29 10:00:00,0.8844371,0.9820839,2024-09-29,10
2024-09-29 11:00:00,1.077969,1.200413,2024-09-29,11
2024-09-29 12:00:00,1.040584,1.15988,2024-09-29,12
2024-09-29 13:00:00,0.8197674,0.9147043,2024-09-29,13
2024-09-29 14:00:00,0.6438563,0.7222297,2024-09-29,14
2024-09-29 15:00:00,0.4471896,0.5090573,2024-09-29,15
2024-09-29 16:00:00,0.2088803,0.249081,2024-09-29,16
2024-09-29 17:00:00,0.01255571,0.0,2024-09-29,17
2024-09-29 18:00:00,0.0,0.0,2024-09-29,18
2024-09-29 19:00:00,0.0,0.0,2024-09-29,19
2024-09-29 20:00:00,0.0,0.0,2024-09-29,20
2024-09-29 21:00:00,0.0,0.0,2024-09-29,21
2024-09-29 22:00:00,0.0,0.0,2024-09-29,22
2024-09-29 23:00:00,0.0,0.0,2024-09-29,23
2024-09-30 00:00:00,0.0,0.0,2024-09-30,0
2024-09-30 01:00:00,0.0,0.0,2024-09-30,1
2024-09-30 02:00:00,0.0,0.0,2024-09-30,2
2024-09-30 03:00:00,0.0,0.0,2024-09-30,3
2024-09-30 04:00:00,0.0,0.0,2024-09-30,4
2024-09-30 05:00:00,0.0132412,0.0,2024-09-30,5
2024-09-30 06:00:00,0.1121995,0.1135761,2024-09-30,6
2024-09-30 07:00:00,0.1759589,0.1729561,2024-09-30,7
2024-09-30 08:00:00,0.2743502,0.2706347,2024-09-30,8
2024-09-30 09:00:00,0.5282205,0.5515446,2024-09-30,9
2024-09-30 10:00:00,0.7286186,0.7919896,2024-09-30,10
2024-09-30 11:00:00,0.9958944,1.110828,2024-09-30,11
2024-09-30 12:00:00,0.9152958,1.021232,2024-09-30,12
2024-09-30 13:00:00,0.7909191,0.8843281,2024-09-30,13
2024-09-30 14:00:00,0.474969,0.5110152,2024-09-30,14
2024-09-30 15:00:00,0.2867697,0.3024257,2024-09-30,15
2024-09-30 16:00:00,0.1313981,0.1409691,2024-09-30,16
2024-09-30 17:00:00,0.009462172,0.0,2024-09-30,17
2024-09-30 18:00:00,0.0,0.0,2024-09-30,18
2024-09-30 19:00:00,0.0,0.0,2024-09-30,19
2024-09-30 20:00:00,0.0,0.0,2024-09-30,20
2024-09-30 21:00:00,0.0,0.0,2024-09-30,21
2024-09-30 22:00:00,0.0,0.0,2024-09-30,22
2024-09-30 23:00:00,0.0,0.0,2024-09-30,23
2024-10-01 00:00:00,0.0,0.0,2024-10-01,0
2024-10-01 01:00:00,0.0,0.0,2024-10-01,1
2024-10-01 02:00:00,0.0,0.0,2024-10-01,2
2024-10-01 03:00:00,0.0,0.0,2024-10-01,3
2024-10-01 04:00:00,0.0,0.0,2024-10-01,4
2024-10-01 05:00:00,0.01416256,0.0,2024-10-01,5
2024-10-01 06:00:00,0.01418975,0.01379656,2024-10-01,6
2024-10-01 07:00:00,0.09514446,0.09273104,2024-10-01,7
2024-10-01 08:00:00,0.2864453,0.283602,2024-10-01,8
2024-10-01 09:00:00,0.5444703,0.5732775,2024-10-01,9
2024-10-01 10:00:00,0.5476083,0.5641923,2024-10-01,10
2024-10-01 11:00:00,0.6667405,0.7090515,2024-10-01,11
2024-10-01 12:00:00,0.5768478,0.6009085,2024-10-01,12
2024-10-01 13:00:00,0.5434013,0.5737774,2024-10-01,13
2024-10-01 14:00:00,0.2756787,0.2727006,2024-10-01,14
2024-10-01 15:00:00,0.1390584,0.1359331,2024-10-01,15
2024-10-01 16:00:00,0.04251741,0.04149492,2024-10-01,16
2024-10-01 17:00:00,0.000758633,0.0,2024-10-01,17
2024-10-01 18:00:00,0.0,0.0,2024-10-01,18
2024-10-01 19:00:00,0.0,0.0,2024-10-01,19
2024-10-01 20:00:00,0.0,0.0,2024-10-01,20
2024-10-01 21:00:00,0.0,0.0,2024-10-01,21
2024-10-01 22:00:00,0.0,0.0,2024-10-01,22
2024-10-01 23:00:00,0.0,0.0,2024-10-01,23
2024-10-02 00:00:00,0.0,0.0,2024-10-02,0
2024-10-02 01:00:00,0.0,0.0,2024-10-02,1
2024-10-02 02:00:00,0.0,0.0,2024-10-02,2
2024-10-02 03:00:00,0.0,0.0,2024-10-02,3
2024-10-02 04:00:00,0.0,0.0,2024-10-02,4
2024-10-02 05:00:00,0.01307522,0.0,2024-10-02,5
2024-10-02 06:00:00,0.07617138,0.07476279,2024-10-02,6
2024-10-02 07:00:00,0.1486002,0.1453509,2024-10-02,7
2024-10-02 08:00:00,0.3454597,0.3494684,2024-10-02,8
2024-10-02 09:00:00,0.2204293,0.2149984,2024-10-02,9
2024-10-02 10:00:00,0.09523106,0.09261606,2024-10-02,10
2024-10-02 11:00:00,0.1653962,0.16104,2024-10-02,11
2024-10-02 12:00:00,0.4280892,0.4270254,2024-10-02,12
2024-10-02 13:00:00,0.2228456,0.2173883,2024-10-02,13
2024-10-02 14:00:00,0.2379558,0.2335789,2024-10-02,14
2024-10-02 15:00:00,0.05205737,0.05065757,2024-10-02,15
2024-10-02 16:00:00,0.04174867,0.04075718,2024-10-02,16
2024-10-02 17:00:00,0.001917114,0.0,2024-10-02,17
2024-10-02 18:00:00,0.0,0.0,2024-10-02,18
2024-10-02 19:00:00,0.0,0.0,2024-10-02,19
2024-10-02 20:00:00,0.0,0.0,2024-10-02,20
2024-10-02 21:00:00,0.0,0.0,2024-10-02,21
2024-10-02 22:00:00,0.0,0.0,2024-10-02,22
2024-10-02 23:00:00,0.0,0.0,2024-10-02,23
2024-10-03 00:00:00,0.0,0.0,2024-10-03,0
2024-10-03 01:00:00,0.0,0.0,2024-10-03,1
2024-10-03 02:00:00,0.0,0.0,2024-10-03,2
2024-10-03 03:00:00,0.0,0.0,2024-10-03,3
2024-10-03 04:00:00,0.0,0.0,2024-10-03,4
2024-10-03 05:00:00,0.01255961,0.0,2024-10-03,5
2024-10-03 06:00:00,0.06068227,0.05934469,2024-10-03,6
2024-10-03 07:00:00,0.05423735,0.05277972,2024-10-03,7
2024-10-03 08:00:00,0.1347387,0.1312948,2024-10-03,8
2024-10-03 09:00:00,0.1878677,0.183123,2024-10-03,9
2024-10-03 10:00:00,0.5322022,0.5473428,2024-10-03,10
2024-10-03 11:00:00,0.6795831,0.729225,2024-10-03,11
2024-10-03 12:00:00,0.4692404,0.473739,2024-10-03,12
2024-10-03 13:00:00,0.5215243,0.5489471,2024-10-03,13
2024-10-03 14:00:00,0.2545488,0.2508764,2024-10-03,14
2024-10-03 15:00:00,0.2057445,0.2065195,2024-10-03,15
2024-10-03 16:00:00,0.05530412,0.0541302,2024-10-03,16
2024-10-03 17:00:00,0.00443221,0.0,2024-10-03,17
2024-10-03 18:00:00,0.0,0.0,2024-10-03,18
2024-10-03 19:00:00,0.0,0.0,2024-10-03,19
2024-10-03 20:00:00,0.0,0.0,2024-10-03,20
2024-10-03 21:00:00,0.0,0.0,2024-10-03,21
2024-10-03 22:00:00,0.0,0.0,2024-10-03,22
2024-10-03 23:00:00,0.0,0.0,2024-10-03,23
2024-10-04 00:00:00,0.0,0.0,2024-10-04,0
2024-10-04 01:00:00,0.0,0.0,2024-10-04,1
2024-10-04 02:00:00,0.0,0.0,2024-10-04,2
2024-10-04 03:00:00,0.0,0.0,2024-10-04,3
2024-10-04 04:00:00,0.0,0.0,2024-10-04,4
2024-10-04 05:00:00,0.01369419,0.0,2024-10-04,5
2024-10-04 06:00:00,0.1362929,0.1473729,2024-10-04,6
2024-10-04 07:00:00,0.3316329,0.3648765,2024-10-04,7
2024-10-04 08:00:00,0.5289966,0.5877741,2024-10-04,8
2024-10-04 09:00:00,0.6119735,0.6661404,2024-10-04,9
2024-10-04 10:00:00,0.7636352,0.846652,2024-10-04,10
2024-10-04 11:00:00,0.6609083,0.7067457,2024-10-04,11
2024-10-04 12:00:00,0.7643305,0.8490506,2024-10-04,12
2024-10-04 13:00:00,0.7344835,0.8282639,2024-10-04,13
2024-10-04 14:00:00,0.6557098,0.7518374,2024-10-04,14
2024-10-04 15:00:00,0.4139875,0.4845486,2024-10-04,15
2024-10-04 16:00:00,0.1578451,0.1924084,2024-10-04,16
2024-10-04 17:00:00,0.007489129,0.0,2024-10-04,17
2024-10-04 18:00:00,0.0,0.0,2024-10-04,18
2024-10-04 19:00:00,0.0,0.0,2024-10-04,19
2024-10-04 20:00:00,0.0,0.0,2024-10-04,20
2024-10-04 21:00:00,0.0,0.0,2024-10-04,21
2024-10-04 22:00:00,0.0,0.0,2024-10-04,22
2024-10-04 23:00:00,0.0,0.0,2024-10-04,23
2024-10-05 00:00:00,0.0,0.0,2024-10-05,0
2024-10-05 01:00:00,0.0,0.0,2024-10-05,1
2024-10-05 02:00:00,0.0,0.0,2024-10-05,2
2024-10-05 03:00:00,0.0,0.0,2024-10-05,3
2024-10-05 04:00:00,0.0,0.0,2024-10-05,4
2024-10-05 05:00:00,0.008386765,0.0,2024-10-05,5
2024-10-05 06:00:00,0.02599558,0.02532101,2024-10-05,6
2024-10-05 07:00:00,0.1975663,0.1965735,2024-10-05,7
2024-10-05 08:00:00,0.2146326,0.2099703,2024-10-05,8
2024-10-05 09:00:00,0.2541311,0.2483195,2024-10-05,9
2024-10-05 10:00:00,0.5699852,0.5961948,2024-10-05,10
2024-10-05 11:00:00,0.9538608,1.078425,2024-10-05,11
2024-10-05 12:00:00,0.8776711,0.9926338,2024-10-05,12
2024-10-05 13:00:00,0.4946686,0.5175644,2024-10-05,13
2024-10-05 14:00:00,0.1671427,0.1631026,2024-10-05,14
2024-10-05 15:00:00,0.1064812,0.1039451,2024-10-05,15
2024-10-05 16:00:00,0.1321784,0.1531297,2024-10-05,16
2024-10-05 17:00:00,0.006351696,0.0,2024-10-05,17
2024-10-05 18:00:00,0.0,0.0,2024-10-05,18
2024-10-05 19:00:00,0.0,0.0,2024-10-05,19
2024-10-05 20:00:00,0.0,0.0,2024-10-05,20
2024-10-05 21:00:00,0.0,0.0,2024-10-05,21
2024-10-05 22:00:00,0.0,0.0,2024-10-05,22
2024-10-05 23:00:00,0.0,0.0,2024-10-05,23
2024-10-06 00:00:00,0.0,0.0,2024-10-06,0
2024-10-06 01:00:00,0.0,0.0,2024-10-06,1
2024-10-06 02:00:00,0.0,0.0,2024-10-06,2
2024-10-06 03:00:00,0.0,0.0,2024-10-06,3
2024-10-06 04:00:00,0.0,0.0,2024-10-06,4
2024-10-06 05:00:00,0.01175446,0.0,2024-10-06,5
2024-10-06 06:00:00,0.1979343,0.2486333,2024-10-06,6
2024-10-06 07:00:00,0.4028333,0.4693101,2024-10-06,7
2024-10-06 08:00:00,0.6864267,0.7920182,2024-10-06,8
2024-10-06 09:00:00,0.8536515,0.9744178,2024-10-06,9
2024-10-06 10:00:00,0.9506633,1.079762,2024-10-06,10
2024-10-06 11:00:00,1.036761,1.177107,2024-10-06,11
2024-10-06 12:00:00,0.9108465,1.034493,2024-10-06,12
2024-10-06 13:00:00,0.8579826,0.9809409,2024-10-06,13
2024-10-06 14:00:00,0.680595,0.7876459,2024-10-06,14
2024-10-06 15:00:00,0.4201989,0.4992259,2024-10-06,15
2024-10-06 16:00:00,0.1452936,0.1786502,2024-10-06,16
2024-10-06 17:00:00,0.005470157,0.0,2024-10-06,17
2024-10-06 18:00:00,0.0,0.0,2024-10-06,18
2024-10-06 19:00:00,0.0,0.0,2024-10-06,19
2024-10-06 20:00:00,0.0,0.0,2024-10-06,20
2024-10-06 21:00:00,0.0,0.0,2024-10-06,21
2024-10-06 22:00:00,0.0,0.0,2024-10-06,22
2024-10-06 23:00:00,0.0,0.0,2024-10-06,23
2024-10-07 00:00:00,0.0,0.0,2024-10-07,0
2024-10-07 01:00:00,0.0,0.0,2024-10-07,1
2024-10-07 02:00:00,0.0,0.0,2024-10-07,2
2024-10-07 03:00:00,0.0,0.0,2024-10-07,3
2024-10-07 04:00:00,0.0,0.0,2024-10-07,4
2024-10-07 05:00:00,0.01136316,0.0,2024-10-07,5
2024-10-07 06:00:00,0.1902172,0.2392391,2024-10-07,6
2024-10-07 07:00:00,0.3348889,0.3749768,2024-10-07,7
2024-10-07 08:00:00,0.6289538,0.7261482,2024-10-07,8
2024-10-07 09:00:00,0.7876982,0.900107,2024-10-07,9
2024-10-07 10:00:00,0.8456507,0.9587411,2024-10-07,10
2024-10-07 11:00:00,0.8332351,0.9388357,2024-10-07,11
2024-10-07 12:00:00,0.909432,1.035937,2024-10-07,12
2024-10-07 13:00:00,0.574622,0.6261383,2024-10-07,13
2024-10-07 14:00:00,0.5105878,0.5762951,2024-10-07,14
2024-10-07 15:00:00,0.4160435,0.4974032,2024-10-07,15
2024-10-07 16:00:00,0.1798854,0.2399399,2024-10-07,16
2024-10-07 17:00:00,0.004135282,0.0,2024-10-07,17
2024-10-07 18:00:00,0.0,0.0,2024-10-07,18
2024-10-07 19:00:00,0.0,0.0,2024-10-07,19
2024-10-07 20:00:00,0.0,0.0,2024-10-07,20
2024-10-07 21:00:00,0.0,0.0,2024-10-07,21
2024-10-07 22:00:00,0.0,0.0,2024-10-07,22
2024-10-07 23:00:00,0.0,0.0,2024-10-07,23
2024-10-08 00:00:00,0.0,0.0,2024-10-08,0
2024-10-08 01:00:00,0.0,0.0,2024-10-08,1
2024-10-08 02:00:00,0.0,0.0,2024-10-08,2
2024-10-08 03:00:00,0.0,0.0,2024-10-08,3
2024-10-08 04:00:00,0.0,0.0,2024-10-08,4
2024-10-08 05:00:00,0.009636544,0.0,2024-10-08,5
2024-10-08 06:00:00,0.1351784,0.1502353,2024-10-08,6
2024-10-08 07:00:00,0.3126461,0.3446907,2024-10-08,7
2024-10-08 08:00:00,0.5100741,0.5708461,2024-10-08,8
2024-10-08 09:00:00,0.7941321,0.9108344,2024-10-08,9
2024-10-08 10:00:00,0.788268,0.8891085,2024-10-08,10
2024-10-08 11:00:00,0.8234586,0.9292377,2024-10-08,11
2024-10-08 12:00:00,0.6660506,0.7291429,2024-10-08,12
2024-10-08 13:00:00,0.6423129,0.7202236,2024-10-08,13
2024-10-08 14:00:00,0.4766012,0.5318466,2024-10-08,14
2024-10-08 15:00:00,0.298444,0.3344453,2024-10-08,15
2024-10-08 16:00:00,0.1613209,0.2147786,2024-10-08,16
2024-10-08 17:00:00,0.004565015,0.0,2024-10-08,17
2024-10-08 18:00:00,0.0,0.0,2024-10-08,18
2024-10-08 19:00:00,0.0,0.0,2024-10-08,19
2024-10-08 20:00:00,0.0,0.0,2024-10-08,20
2024-10-08 21:00:00,0.0,0.0,2024-10-08,21
2024-10-08 22:00:00,0.0,0.0,2024-10-08,22
2024-10-08 23:00:00,0.0,0.0,2024-10-08,23
2024-10-09 00:00:00,0.0,0.0,2024-10-09,0
2024-10-09 01:00:00,0.0,0.0,2024-10-09,1
2024-10-09 02:00:00,0.0,0.0,2024-10-09,2
2024-10-09 03:00:00,0.0,0.0,2024-10-09,3
2024-10-09 04:00:00,0.0,0.0,2024-10-09,4
2024-10-09 05:00:00,0.01282823,0.0,2024-10-09,5
2024-10-09 06:00:00,0.21679,0.2865233,2024-10-09,6
2024-10-09 07:00:00,0.3637302,0.4214271,2024-10-09,7
2024-10-09 08:00:00,0.4575742,0.4998231,2024-10-09,8
2024-10-09 09:00:00,0.6400866,0.7147549,2024-10-09,9
2024-10-09 10:00:00,0.8524897,0.9730534,2024-10-09,10
2024-10-09 11:00:00,0.9204838,1.051805,2024-10-09,11
2024-10-09 12:00:00,0.7880159,0.8937195,2024-10-09,12
2024-10-09 13:00:00,0.7640784,0.8801889,2024-10-09,13
2024-10-09 14:00:00,0.6533483,0.7654564,2024-10-09,14
2024-10-09 15:00:00,0.4214832,0.5111142,2024-10-09,15
2024-10-09 16:00:00,0.1710737,0.2351938,2024-10-09,16
2024-10-09 17:00:00,0.004174749,0.0,2024-10-09,17
2024-10-09 18:00:00,0.0,0.0,2024-10-09,18
2024-10-09 19:00:00,0.0,0.0,2024-10-09,19
2024-10-09 20:00:00,0.0,0.0,2024-10-09,20
2024-10-09 21:00:00,0.0,0.0,2024-10-09,21
2024-10-09 22:00:00,0.0,0.0,2024-10-09,22
2024-10-09 23:00:00,0.0,0.0,2024-10-09,23
2024-10-10 00:00:00,0.0,0.0,2024-10-10,0
2024-10-10 01:00:00,0.0,0.0,2024-10-10,1
2024-10-10 02:00:00,0.0,0.0,2024-10-10,2
2024-10-10 03:00:00,0.0,0.0,2024-10-10,3
2024-10-10 04:00:00,0.0,0.0,2024-10-10,4
2024-10-10 05:00:00,0.006781173,0.0,2024-10-10,5
2024-10-10 06:00:00,0.09029871,0.09091794,2024-10-10,6
2024-10-10 07:00:00,0.145587,0.1427074,2024-10-10,7
2024-10-10 08:00:00,0.3113593,0.3136904,2024-10-10,8
2024-10-10 09:00:00,0.3377503,0.3348577,2024-10-10,9
2024-10-10 10:00:00,0.0935785,0.09103031,2024-10-10,10
2024-10-10 11:00:00,0.2791475,0.2727146,2024-10-10,11
2024-10-10 12:00:00,0.5946796,0.6373006,2024-10-10,12
2024-10-10 13:00:00,0.7531778,0.8699989,2024-10-10,13
2024-10-10 14:00:00,0.4998317,0.5699131,2024-10-10,14
2024-10-10 15:00:00,0.2739688,0.3030154,2024-10-10,15
2024-10-10 16:00:00,0.1279473,0.1622648,2024-10-10,16
2024-10-10 17:00:00,0.003042263,0.0,2024-10-10,17
2024-10-10 18:00:00,0.0,0.0,2024-10-10,18
2024-10-10 19:00:00,0.0,0.0,2024-10-10,19
2024-10-10 20:00:00,0.0,0.0,2024-10-10,20
2024-10-10 21:00:00,0.0,0.0,2024-10-10,21
2024-10-10 22:00:00,0.0,0.0,2024-10-10,22
2024-10-10 23:00:00,0.0,0.0,2024-10-10,23
2024-10-11 00:00:00,0.0,0.0,2024-10-11,0
2024-10-11 01:00:00,0.0,0.0,2024-10-11,1
2024-10-11 02:00:00,0.0,0.0,2024-10-11,2
2024-10-11 03:00:00,0.0,0.0,2024-10-11,3
2024-10-11 04:00:00,0.0,0.0,2024-10-11,4
2024-10-11 05:00:00,0.006520001,0.0,2024-10-11,5
2024-10-11 06:00:00,0.1210289,0.1319413,2024-10-11,6
2024-10-11 07:00:00,0.3391543,0.3894303,2024-10-11,7
2024-10-11 08:00:00,0.489551,0.5485309,2024-10-11,8
2024-10-11 09:00:00,0.6530078,0.7372171,2024-10-11,9
2024-10-11 10:00:00,0.7455704,0.8409817,2024-10-11,10
2024-10-11 11:00:00,0.6370001,0.6876168,2024-10-11,11
2024-10-11 12:00:00,0.9110968,1.05036,2024-10-11,12
2024-10-11 13:00:00,0.8144635,0.9464101,2024-10-11,13
2024-10-11 14:00:00,0.63533,0.7504845,2024-10-11,14
2024-10-11 15:00:00,0.3689739,0.4481606,2024-10-11,15
2024-10-11 16:00:00,0.1139439,0.1391047,2024-10-11,16
2024-10-11 17:00:00,0.002567081,0.0,2024-10-11,17
2024-10-11 18:00:00,0.0,0.0,2024-10-11,18
2024-10-11 19:00:00,0.0,0.0,2024-10-11,19
2024-10-11 20:00:00,0.0,0.0,2024-10-11,20
2024-10-11 21:00:00,0.0,0.0,2024-10-11,21
2024-10-11 22:00:00,0.0,0.0,2024-10-11,22
2024-10-11 23:00:00,0.0,0.0,2024-10-11,23
2024-10-12 00:00:00,0.0,0.0,2024-10-12,0
2024-10-12 01:00:00,0.0,0.0,2024-10-12,1
2024-10-12 02:00:00,0.0,0.0,2024-10-12,2
2024-10-12 03:00:00,0.0,0.0,2024-10-12,3
2024-10-12 04:00:00,0.0,0.0,2024-10-12,4
2024-10-12 05:00:00,0.00727588,0.0,2024-10-12,5
2024-10-12 06:00:00,0.1455248,0.1737286,2024-10-12,6
2024-10-12 07:00:00,0.3901172,0.467961,2024-10-12,7
2024-10-12 08:00:00,0.5575641,0.6467105,2024-10-12,8
2024-10-12 09:00:00,0.7107713,0.8175822,2024-10-12,9
2024-10-12 10:00:00,0.6785047,0.7522455,2024-10-12,10
2024-10-12 11:00:00,0.8868522,1.020492,2024-10-12,11
2024-10-12 12:00:00,0.7744202,0.8848513,2024-10-12,12
2024-10-12 13:00:00,0.5424854,0.5927762,2024-10-12,13
2024-10-12 14:00:00,0.4886598,0.559808,2024-10-12,14
2024-10-12 15:00:00,0.3469914,0.4195899,2024-10-12,15
2024-10-12 16:00:00,0.1050309,0.125439,2024-10-12,16
2024-10-12 17:00:00,0.001697895,0.0,2024-10-12,17
2024-10-12 18:00:00,0.0,0.0,2024-10-12,18
2024-10-12 19:00:00,0.0,0.0,2024-10-12,19
2024-10-12 20:00:00,0.0,0.0,2024-10-12,20
2024-10-12 21:00:00,0.0,0.0,2024-10-12,21
2024-10-12 22:00:00,0.0,0.0,2024-10-12,22
2024-10-12 23:00:00,0.0,0.0,2024-10-12,23
2024-10-13 00:00:00,0.0,0.0,2024-10-13,0
2024-10-13 01:00:00,0.0,0.0,2024-10-13,1
2024-10-13 02:00:00,0.0,0.0,2024-10-13,2
2024-10-13 03:00:00,0.0,0.0,2024-10-13,3
2024-10-13 04:00:00,0.0,0.0,2024-10-13,4
2024-10-13 05:00:00,0.006374064,0.0,2024-10-13,5
2024-10-13 06:00:00,0.07758196,0.07718389,2024-10-13,6
2024-10-13 07:00:00,0.1631203,0.1609497,2024-10-13,7
2024-10-13 08:00:00,0.2897888,0.2902433,2024-10-13,8
2024-10-13 09:00:00,0.5661429,0.6212489,2024-10-13,9
2024-10-13 10:00:00,0.3880887,0.3862827,2024-10-13,10
2024-10-13 11:00:00,0.4383022,0.4407544,2024-10-13,11
2024-10-13 12:00:00,0.4955441,0.5129446,2024-10-13,12
2024-10-13 13:00:00,0.3184822,0.3157936,2024-10-13,13
2024-10-13 14:00:00,0.5228675,0.6113839,2024-10-13,14
2024-10-13 15:00:00,0.2803942,0.3196428,2024-10-13,15
2024-10-13 16:00:00,0.09846327,0.1160251,2024-10-13,16
2024-10-13 17:00:00,0.001414205,0.0,2024-10-13,17
2024-10-13 18:00:00,0.0,0.0,2024-10-13,18
2024-10-13 19:00:00,0.0,0.0,2024-10-13,19
2024-10-13 20:00:00,0.0,0.0,2024-10-13,20
2024-10-13 21:00:00,0.0,0.0,2024-10-13,21
2024-10-13 22:00:00,0.0,0.0,2024-10-13,22
2024-10-13 23:00:00,0.0,0.0,2024-10-13,23
2024-10-14 00:00:00,0.0,0.0,2024-10-14,0
2024-10-14 01:00:00,0.0,0.0,2024-10-14,1
2024-10-14 02:00:00,0.0,0.0,2024-10-14,2
2024-10-14 03:00:00,0.0,0.0,2024-10-14,3
2024-10-14 04:00:00,0.0,0.0,2024-10-14,4
2024-10-14 05:00:00,0.01145389,0.0,2024-10-14,5
2024-10-14 06:00:00,0.1518895,0.1897684,2024-10-14,6
2024-10-14 07:00:00,0.3764826,0.4534056,2024-10-14,7
2024-10-14 08:00:00,0.6241369,0.7409387,2024-10-14,8
2024-10-14 09:00:00,0.7660353,0.894384,2024-10-14,9
2024-10-14 10:00:00,0.828788,0.9582717,2024-10-14,10
2024-10-14 11:00:00,0.4502952,0.4550104,2024-10-14,11
2024-10-14 12:00:00,0.3958245,0.39587,2024-10-14,12
2024-10-14 13:00:00,0.2202896,0.215242,2024-10-14,13
2024-10-14 14:00:00,0.4265959,0.4750766,2024-10-14,14
2024-10-14 15:00:00,0.38194,0.4770719,2024-10-14,15
2024-10-14 16:00:00,0.127848,0.1798119,2024-10-14,16
2024-10-14 17:00:00,0.000796078,0.0,2024-10-14,17
2024-10-14 18:00:00,0.0,0.0,2024-10-14,18
2024-10-14 19:00:00,0.0,0.0,2024-10-14,19
2024-10-14 20:00:00,0.0,0.0,2024-10-14,20
2024-10-14 21:00:00,0.0,0.0,2024-10-14,21
2024-10-14 22:00:00,0.0,0.0,2024-10-14,22
2024-10-14 23:00:00,0.0,0.0,2024-10-14,23
2024-10-15 00:00:00,0.0,0.0,2024-10-15,0
2024-10-15 01:00:00,0.0,0.0,2024-10-15,1
2024-10-15 02:00:00,0.0,0.0,2024-10-15,2
2024-10-15 03:00:00,0.0,0.0,2024-10-15,3
2024-10-15 04:00:00,0.0,0.0,2024-10-15,4
2024-10-15 05:00:00,0.007913084,0.0,2024-10-15,5
2024-10-15 06:00:00,0.1093456,0.1180862,2024-10-15,6
2024-10-15 07:00:00,0.2020179,0.204404,2024-10-15,7
2024-10-15 08:00:00,0.4833923,0.548306,2024-10-15,8
2024-10-15 09:00:00,0.6493073,0.7422526,2024-10-15,9
2024-10-15 10:00:00,0.6243086,0.6836725,2024-10-15,10
2024-10-15 11:00:00,0.8093791,0.9311354,2024-10-15,11
2024-10-15 12:00:00,0.9141384,1.066662,2024-10-15,12
2024-10-15 13:00:00,0.810329,0.9545884,2024-10-15,13
2024-10-15 14:00:00,0.5850593,0.7015661,2024-10-15,14
2024-10-15 15:00:00,0.3722144,0.4671385,2024-10-15,15
2024-10-15 16:00:00,0.1145525,0.1557809,2024-10-15,16
2024-10-15 17:00:00,0.001240537,0.0,2024-10-15,17
2024-10-15 18:00:00,0.0,0.0,2024-10-15,18
2024-10-15 19:00:00,0.0,0.0,2024-10-15,19
2024-10-15 20:00:00,0.0,0.0,2024-10-15,20
2024-10-15 21:00:00,0.0,0.0,2024-10-15,21
2024-10-15 22:00:00,0.0,0.0,2024-10-15,22
2024-10-15 23:00:00,0.0,0.0,2024-10-15,23
2024-10-16 00:00:00,0.0,0.0,2024-10-16,0
2024-10-16 01:00:00,0.0,0.0,2024-10-16,1
2024-10-16 02:00:00,0.0,0.0,2024-10-16,2
2024-10-16 03:00:00,0.0,0.0,2024-10-16,3
2024-10-16 04:00:00,0.0,0.0,2024-10-16,4
2024-10-16 05:00:00,0.007631385,0.0,2024-10-16,5
2024-10-16 06:00:00,0.07978825,0.08011941,2024-10-16,6
2024-10-16 07:00:00,0.3331558,0.391425,2024-10-16,7
2024-10-16 08:00:00,0.2014371,0.1972909,2024-10-16,8
2024-10-16 09:00:00,0.3183253,0.315254,2024-10-16,9
2024-10-16 10:00:00,0.30345,0.2976824,2024-10-16,10
2024-10-16 11:00:00,0.3689075,0.3652489,2024-10-16,11
2024-10-16 12:00:00,0.5374558,0.5704216,2024-10-16,12
2024-10-16 13:00:00,0.3943338,0.4036665,2024-10-16,13
2024-10-16 14:00:00,0.2679168,0.2691218,2024-10-16,14
2024-10-16 15:00:00,0.0927227,0.09066774,2024-10-16,15
2024-10-16 16:00:00,0.05862043,0.05948647,2024-10-16,16
2024-10-16 17:00:00,0.000346155,0.0,2024-10-16,17
2024-10-16 18:00:00,0.0,0.0,2024-10-16,18
2024-10-16 19:00:00,0.0,0.0,2024-10-16,19
2024-10-16 20:00:00,0.0,0.0,2024-10-16,20
2024-10-16 21:00:00,0.0,0.0,2024-10-16,21
2024-10-16 22:00:00,0.0,0.0,2024-10-16,22
2024-10-16 23:00:00,0.0,0.0,2024-10-16,23
2024-10-17 00:00:00,0.0,0.0,2024-10-17,0
2024-10-17 01:00:00,0.0,0.0,2024-10-17,1
2024-10-17 02:00:00,0.0,0.0,2024-10-17,2
2024-10-17 03:00:00,0.0,0.0,2024-10-17,3
2024-10-17 04:00:00,0.0,0.0,2024-10-17,4
2024-10-17 05:00:00,0.007594171,0.0,2024-10-17,5
2024-10-17 06:00:00,0.1567889,0.207376,2024-10-17,6
2024-10-17 07:00:00,0.1820866,0.1821307,2024-10-17,7
2024-10-17 08:00:00,0.3339288,0.3443113,2024-10-17,8
2024-10-17 09:00:00,0.4044816,0.4133804,2024-10-17,9
2024-10-17 10:00:00,0.6756133,0.7597257,2024-10-17,10
2024-10-17 11:00:00,0.6821667,0.7621789,2024-10-17,11
2024-10-17 12:00:00,0.6549662,0.7348254,2024-10-17,12
2024-10-17 13:00:00,0.6684892,0.7821237,2024-10-17,13
2024-10-17 14:00:00,0.430574,0.4880064,2024-10-17,14
2024-10-17 15:00:00,0.2688402,0.3115333,2024-10-17,15
2024-10-17 16:00:00,0.08895388,0.1084233,2024-10-17,16
2024-10-17 17:00:00,0.00039438,0.0,2024-10-17,17
2024-10-17 18:00:00,0.0,0.0,2024-10-17,18
2024-10-17 19:00:00,0.0,0.0,2024-10-17,19
2024-10-17 20:00:00,0.0,0.0,2024-10-17,20
2024-10-17 21:00:00,0.0,0.0,2024-10-17,21
2024-10-17 22:00:00,0.0,0.0,2024-10-17,22
2024-10-17 23:00:00,0.0,0.0,2024-10-17,23
2024-10-18 00:00:00,0.0,0.0,2024-10-18,0
2024-10-18 01:00:00,0.0,0.0,2024-10-18,1
2024-10-18 02:00:00,0.0,0.0,2024-10-18,2
2024-10-18 03:00:00,0.0,0.0,2024-10-18,3
2024-10-18 04:00:00,0.0,0.0,2024-10-18,4
2024-10-18 05:00:00,0.007220903,0.0,2024-10-18,5
2024-10-18 06:00:00,0.04529522,0.04443707,2024-10-18,6
2024-10-18 07:00:00,0.1821941,0.182492,2024-10-18,7
2024-10-18 08:00:00,0.486676,0.5599725,2024-10-18,8
2024-10-18 09:00:00,0.8316813,0.9862259,2024-10-18,9
2024-10-18 10:00:00,0.813207,0.9501455,2024-10-18,10
2024-10-18 11:00:00,0.9432651,1.106308,2024-10-18,11
2024-10-18 12:00:00,0.8857046,1.042141,2024-10-18,12
2024-10-18 13:00:00,0.6169332,0.7130909,2024-10-18,13
2024-10-18 14:00:00,0.5076318,0.6055266,2024-10-18,14
2024-10-18 15:00:00,0.3440131,0.4366208,2024-10-18,15
2024-10-18 16:00:00,0.1386987,0.2231108,2024-10-18,16
2024-10-18 17:00:00,0.000307437,0.0,2024-10-18,17
2024-10-18 18:00:00,0.0,0.0,2024-10-18,18
2024-10-18 19:00:00,0.0,0.0,2024-10-18,19
2024-10-18 20:00:00,0.0,0.0,2024-10-18,20
2024-10-18 21:00:00,0.0,0.0,2024-10-18,21
2024-10-18 22:00:00,0.0,0.0,2024-10-18,22
2024-10-18 23:00:00,0.0,0.0,2024-10-18,23
2024-10-19 00:00:00,0.0,0.0,2024-10-19,0
2024-10-19 01:00:00,0.0,0.0,2024-10-19,1
2024-10-19 02:00:00,0.0,0.0,2024-10-19,2
2024-10-19 03:00:00,0.0,0.0,2024-10-19,3
2024-10-19 04:00:00,0.0,0.0,2024-10-19,4
2024-10-19 05:00:00,0.00727349,0.0,2024-10-19,5
2024-10-19 06:00:00,0.1145821,0.130602,2024-10-19,6
2024-10-19 07:00:00,0.3673553,0.4535681,2024-10-19,7
2024-10-19 08:00:00,0.2738432,0.2741153,2024-10-19,8
2024-10-19 09:00:00,0.3673681,0.370564,2024-10-19,9
2024-10-19 10:00:00,0.712814,0.8170925,2024-10-19,10
2024-10-19 11:00:00,0.4698521,0.4812741,2024-10-19,11
2024-10-19 12:00:00,0.5225875,0.5547158,2024-10-19,12
2024-10-19 13:00:00,0.4918196,0.5354116,2024-10-19,13
2024-10-19 14:00:00,0.2541912,0.2547118,2024-10-19,14
2024-10-19 15:00:00,0.03033761,0.02952653,2024-10-19,15
2024-10-19 16:00:00,0.01692788,0.01655491,2024-10-19,16
2024-10-19 17:00:00,5.46125e-05,0.0,2024-10-19,17
2024-10-19 18:00:00,0.0,0.0,2024-10-19,18
2024-10-19 19:00:00,0.0,0.0,2024-10-19,19
2024-10-19 20:00:00,0.0,0.0,2024-10-19,20
2024-10-19 21:00:00,0.0,0.0,2024-10-19,21
2024-10-19 22:00:00,0.0,0.0,2024-10-19,22
2024-10-19 23:00:00,0.0,0.0,2024-10-19,23
2024-10-20 00:00:00,0.0,0.0,2024-10-20,0
2024-10-20 01:00:00,0.0,0.0,2024-10-20,1
2024-10-20 02:00:00,0.0,0.0,2024-10-20,2
2024-10-20 03:00:00,0.0,0.0,2024-10-20,3
2024-10-20 04:00:00,0.0,0.0,2024-10-20,4
2024-10-20 05:00:00,0.005594482,0.0,2024-10-20,5
2024-10-20 06:00:00,0.06806882,0.0677065,2024-10-20,6
2024-10-20 07:00:00,0.1139984,0.1115867,2024-10-20,7
2024-10-20 08:00:00,0.2496481,0.247721,2024-10-20,8
2024-10-20 09:00:00,0.2621373,0.2572126,2024-10-20,9
2024-10-20 10:00:00,0.2736695,0.2678875,2024-10-20,10
2024-10-20 11:00:00,0.4713206,0.483786,2024-10-20,11
2024-10-20 12:00:00,0.5658997,0.615422,2024-10-20,12
2024-10-20 13:00:00,0.6101143,0.7090109,2024-10-20,13
2024-10-20 14:00:00,0.3144662,0.3283089,2024-10-20,14
2024-10-20 15:00:00,0.2655591,0.3140633,2024-10-20,15
2024-10-20 16:00:00,0.05958253,0.0629127,2024-10-20,16
2024-10-20 17:00:00,0.000137887,0.0,2024-10-20,17
2024-10-20 18:00:00,0.0,0.0,2024-10-20,18
2024-10-20 19:00:00,0.0,0.0,2024-10-20,19
2024-10-20 20:00:00,0.0,0.0,2024-10-20,20
2024-10-20 21:00:00,0.0,0.0,2024-10-20,21
2024-10-20 22:00:00,0.0,0.0,2024-10-20,22
2024-10-20 23:00:00,0.0,0.0,2024-10-20,23
2024-10-21 00:00:00,0.0,0.0,2024-10-21,0
2024-10-21 01:00:00,0.0,0.0,2024-10-21,1
2024-10-21 02:00:00,0.0,0.0,2024-10-21,2
2024-10-21 03:00:00,0.0,0.0,2024-10-21,3
2024-10-21 04:00:00,0.0,0.0,2024-10-21,4
2024-10-21 05:00:00,0.007062599,0.0,2024-10-21,5
2024-10-21 06:00:00,0.06080338,0.06011145,2024-10-21,6
2024-10-21 07:00:00,0.2807075,0.318073,2024-10-21,7
2024-10-21 08:00:00,0.2049651,0.2011394,2024-10-21,8
2024-10-21 09:00:00,0.617062,0.7116402,2024-10-21,9
2024-10-21 10:00:00,0.7713353,0.9034966,2024-10-21,10
2024-10-21 11:00:00,0.7635383,0.886562,2024-10-21,11
2024-10-21 12:00:00,0.2636097,0.2580052,2024-10-21,12
2024-10-21 13:00:00,0.3096971,0.3083379,2024-10-21,13
2024-10-21 14:00:00,0.3237709,0.3416097,2024-10-21,14
2024-10-21 15:00:00,0.2768246,0.3361483,2024-10-21,15
2024-10-21 16:00:00,0.1092867,0.1742038,2024-10-21,16
2024-10-21 17:00:00,4.45249e-05,0.0,2024-10-21,17
2024-10-21 18:00:00,0.0,0.0,2024-10-21,18
2024-10-21 19:00:00,0.0,0.0,2024-10-21,19
2024-10-21 20:00:00,0.0,0.0,2024-10-21,20
2024-10-21 21:00:00,0.0,0.0,2024-10-21,21
2024-10-21 22:00:00,0.0,0.0,2024-10-21,22
2024-10-21 23:00:00,0.0,0.0,2024-10-21,23
2024-10-22 00:00:00,0.0,0.0,2024-10-22,0
2024-10-22 01:00:00,0.0,0.0,2024-10-22,1
2024-10-22 02:00:00,0.0,0.0,2024-10-22,2
2024-10-22 03:00:00,0.0,0.0,2024-10-22,3
2024-10-22 04:00:00,0.0,0.0,2024-10-22,4
2024-10-22 05:00:00,0.007889961,0.0,2024-10-22,5
2024-10-22 06:00:00,0.1665401,0.2445295,2024-10-22,6
2024-10-22 07:00:00,0.4024313,0.5161722,2024-10-22,7
2024-10-22 08:00:00,0.6052201,0.7405397,2024-10-22,8
2024-10-22 09:00:00,0.7748886,0.9292099,2024-10-22,9
2024-10-22 10:00:00,0.7308003,0.8504399,2024-10-22,10
2024-10-22 11:00:00,0.715991,0.8225093,2024-10-22,11
2024-10-22 12:00:00,0.7039872,0.8175779,2024-10-22,12
2024-10-22 13:00:00,0.79098,0.9539633,2024-10-22,13
2024-10-22 14:00:00,0.6117728,0.7580819,2024-10-22,14
2024-10-22 15:00:00,0.3703367,0.4896546,2024-10-22,15
2024-10-22 16:00:00,0.1150979,0.1946466,2024-10-22,16
2024-10-22 17:00:00,1.05036e-05,0.0,2024-10-22,17
2024-10-22 18:00:00,0.0,0.0,2024-10-22,18
2024-10-22 19:00:00,0.0,0.0,2024-10-22,19
2024-10-22 20:00:00,0.0,0.0,2024-10-22,20
2024-10-22 21:00:00,0.0,0.0,2024-10-22,21
2024-10-22 22:00:00,0.0,0.0,2024-10-22,22
2024-10-22 23:00:00,0.0,0.0,2024-10-22,23
2024-10-23 00:00:00,0.0,0.0,2024-10-23,0
2024-10-23 01:00:00,0.0,0.0,2024-10-23,1
2024-10-23 02:00:00,0.0,0.0,2024-10-23,2
2024-10-23 03:00:00,0.0,0.0,2024-10-23,3
2024-10-23 04:00:00,0.0,0.0,2024-10-23,4
2024-10-23 05:00:00,0.006353694,0.0,2024-10-23,5
2024-10-23 06:00:00,0.1546752,0.2226181,2024-10-23,6
2024-10-23 07:00:00,0.2414851,0.2611996,2024-10-23,7
2024-10-23 08:00:00,0.3829723,0.415771,2024-10-23,8
2024-10-23 09:00:00,0.6203147,0.721505,2024-10-23,9
2024-10-23 10:00:00,0.6711236,0.767803,2024-10-23,10
2024-10-23 11:00:00,0.4885351,0.5076997,2024-10-23,11
2024-10-23 12:00:00,0.5276303,0.567148,2024-10-23,12
2024-10-23 13:00:00,0.3116566,0.3110628,2024-10-23,13
2024-10-23 14:00:00,0.3870147,0.4357672,2024-10-23,14
2024-10-23 15:00:00,0.2042468,0.2218268,2024-10-23,15
2024-10-23 16:00:00,0.04609763,0.04687138,2024-10-23,16
2024-10-23 17:00:00,0.0,0.0,2024-10-23,17
2024-10-23 18:00:00,0.0,0.0,2024-10-23,18
2024-10-23 19:00:00,0.0,0.0,2024-10-23,19
2024-10-23 20:00:00,0.0,0.0,2024-10-23,20
2024-10-23 21:00:00,0.0,0.0,2024-10-23,21
2024-10-23 22:00:00,0.0,0.0,2024-10-23,22
2024-10-23 23:00:00,0.0,0.0,2024-10-23,23
2024-10-24 00:00:00,0.0,0.0,2024-10-24,0
2024-10-24 01:00:00,0.0,0.0,2024-10-24,1
2024-10-24 02:00:00,0.0,0.0,2024-10-24,2
2024-10-24 03:00:00,0.0,0.0,2024-10-24,3
2024-10-24 04:00:00,0.0,0.0,2024-10-24,4
2024-10-24 05:00:00,0.005213525,0.0,2024-10-24,5
2024-10-24 06:00:00,0.0809359,0.08381538,2024-10-24,6
2024-10-24 07:00:00,0.1862988,0.1890521,2024-10-24,7
2024-10-24 08:00:00,0.3696145,0.3980896,2024-10-24,8
2024-10-24 09:00:00,0.5063257,0.5560002,2024-10-24,9
2024-10-24 10:00:00,0.7148854,0.8334062,2024-10-24,10
2024-10-24 11:00:00,0.4127031,0.4163485,2024-10-24,11
2024-10-24 12:00:00,0.5203855,0.5586175,2024-10-24,12
2024-10-24 13:00:00,0.5963075,0.7001754,2024-10-24,13
2024-10-24 14:00:00,0.5072455,0.6242466,2024-10-24,14
2024-10-24 15:00:00,0.2414193,0.2832004,2024-10-24,15
2024-10-24 16:00:00,0.07685883,0.1032694,2024-10-24,16
2024-10-24 17:00:00,0.0,0.0,2024-10-24,17
2024-10-24 18:00:00,0.0,0.0,2024-10-24,18
2024-10-24 19:00:00,0.0,0.0,2024-10-24,19
2024-10-24 20:00:00,0.0,0.0,2024-10-24,20
2024-10-24 21:00:00,0.0,0.0,2024-10-24,21
2024-10-24 22:00:00,0.0,0.0,2024-10-24,22
2024-10-24 23:00:00,0.0,0.0,2024-10-24,23
2024-10-25 00:00:00,0.0,0.0,2024-10-25,0
2024-10-25 01:00:00,0.0,0.0,2024-10-25,1
2024-10-25 02:00:00,0.0,0.0,2024-10-25,2
2024-10-25 03:00:00,0.0,0.0,2024-10-25,3
2024-10-25 04:00:00,0.0,0.0,2024-10-25,4
2024-10-25 05:00:00,0.005359421,0.0,2024-10-25,5
2024-10-25 06:00:00,0.09894984,0.111321,2024-10-25,6
2024-10-25 07:00:00,0.2490352,0.2748215,2024-10-25,7
2024-10-25 08:00:00,0.3846587,0.4209791,2024-10-25,8
2024-10-25 09:00:00,0.5433967,0.6121082,2024-10-25,9
2024-10-25 10:00:00,0.7317924,0.8601618,2024-10-25,10
2024-10-25 11:00:00,0.7541524,0.8847742,2024-10-25,11
2024-10-25 12:00:00,0.6950945,0.8132493,2024-10-25,12
2024-10-25 13:00:00,0.3980534,0.4158195,2024-10-25,13
2024-10-25 14:00:00,0.329155,0.3537444,2024-10-25,14
2024-10-25 15:00:00,0.1881605,0.2008415,2024-10-25,15
2024-10-25 16:00:00,0.06153524,0.07192962,2024-10-25,16
2024-10-25 17:00:00,0.0,0.0,2024-10-25,17
2024-10-25 18:00:00,0.0,0.0,2024-10-25,18
2024-10-25 19:00:00,0.0,0.0,2024-10-25,19
2024-10-25 20:00:00,0.0,0.0,2024-10-25,20
2024-10-25 21:00:00,0.0,0.0,2024-10-25,21
2024-10-25 22:00:00,0.0,0.0,2024-10-25,22
2024-10-25 23:00:00,0.0,0.0,2024-10-25,23
2024-10-26 00:00:00,0.0,0.0,2024-10-26,0
2024-10-26 01:00:00,0.0,0.0,2024-10-26,1
2024-10-26 02:00:00,0.0,0.0,2024-10-26,2
2024-10-26 03:00:00,0.0,0.0,2024-10-26,3
2024-10-26 04:00:00,0.0,0.0,2024-10-26,4
2024-10-26 05:00:00,0.005842094,0.0,2024-10-26,5
2024-10-26 06:00:00,0.1308662,0.1783179,2024-10-26,6
2024-10-26 07:00:00,0.236043,0.256536,2024-10-26,7
2024-10-26 08:00:00,0.5320071,0.6493818,2024-10-26,8
2024-10-26 09:00:00,0.6051127,0.7067458,2024-10-26,9
2024-10-26 10:00:00,0.567134,0.6230806,2024-10-26,10
2024-10-26 11:00:00,0.7575018,0.8922968,2024-10-26,11
2024-10-26 12:00:00,0.4234183,0.4342032,2024-10-26,12
2024-10-26 13:00:00,0.5022219,0.5638638,2024-10-26,13
2024-10-26 14:00:00,0.3680477,0.4126686,2024-10-26,14
2024-10-26 15:00:00,0.3420742,0.4629124,2024-10-26,15
2024-10-26 16:00:00,0.09496123,0.1643204,2024-10-26,16
2024-10-26 17:00:00,0.0,0.0,2024-10-26,17
2024-10-26 18:00:00,0.0,0.0,2024-10-26,18
2024-10-26 19:00:00,0.0,0.0,2024-10-26,19
2024-10-26 20:00:00,0.0,0.0,2024-10-26,20
2024-10-26 21:00:00,0.0,0.0,2024-10-26,21
2024-10-26 22:00:00,0.0,0.0,2024-10-26,22
2024-10-26 23:00:00,0.0,0.0,2024-10-26,23
2024-10-27 00:00:00,0.0,0.0,2024-10-27,0
2024-10-27 01:00:00,0.0,0.0,2024-10-27,1
2024-10-27 02:00:00,0.0,0.0,2024-10-27,2
2024-10-27 03:00:00,0.0,0.0,2024-10-27,3
2024-10-27 04:00:00,0.0,0.0,2024-10-27,4
2024-10-27 05:00:00,0.003656771,0.0,2024-10-27,5
2024-10-27 06:00:00,0.1335633,0.1879166,2024-10-27,6
2024-10-27 07:00:00,0.278418,0.32546,2024-10-27,7
2024-10-27 08:00:00,0.5436672,0.669622,2024-10-27,8
2024-10-27 09:00:00,0.7353772,0.89373,2024-10-27,9
2024-10-27 10:00:00,0.6983805,0.8177232,2024-10-27,10
2024-10-27 11:00:00,0.8398475,1.006231,2024-10-27,11
2024-10-27 12:00:00,0.7726182,0.927146,2024-10-27,12
2024-10-27 13:00:00,0.7016699,0.8573905,2024-10-27,13
2024-10-27 14:00:00,0.5345411,0.6730647,2024-10-27,14
2024-10-27 15:00:00,0.3122271,0.4183804,2024-10-27,15
2024-10-27 16:00:00,0.06649575,0.08705777,2024-10-27,16
2024-10-27 17:00:00,0.0,0.0,2024-10-27,17
2024-10-27 18:00:00,0.0,0.0,2024-10-27,18
2024-10-27 19:00:00,0.0,0.0,2024-10-27,19
2024-10-27 20:00:00,0.0,0.0,2024-10-27,20
2024-10-27 21:00:00,0.0,0.0,2024-10-27,21
2024-10-27 22:00:00,0.0,0.0,2024-10-27,22
2024-10-27 23:00:00,0.0,0.0,2024-10-27,23
2024-10-28 00:00:00,0.0,0.0,2024-10-28,0
2024-10-28 01:00:00,0.0,0.0,2024-10-28,1
2024-10-28 02:00:00,0.0,0.0,2024-10-28,2
2024-10-28 03:00:00,0.0,0.0,2024-10-28,3
2024-10-28 04:00:00,0.0,0.0,2024-10-28,4
2024-10-28 05:00:00,0.003846427,0.0,2024-10-28,5
2024-10-28 06:00:00,0.139456,0.2058474,2024-10-28,6
2024-10-28 07:00:00,0.3973629,0.5278551,2024-10-28,7
2024-10-28 08:00:00,0.5780377,0.7217963,2024-10-28,8
2024-10-28 09:00:00,0.7297771,0.889305,2024-10-28,9
2024-10-28 10:00:00,0.9080372,1.097718,2024-10-28,10
2024-10-28 11:00:00,0.9679883,1.167965,2024-10-28,11
2024-10-28 12:00:00,0.8467975,1.024895,2024-10-28,12
2024-10-28 13:00:00,0.702809,0.8618665,2024-10-28,13
2024-10-28 14:00:00,0.5200567,0.6557071,2024-10-28,14
2024-10-28 15:00:00,0.287244,0.377813,2024-10-28,15
2024-10-28 16:00:00,0.08142602,0.1337375,2024-10-28,16
2024-10-28 17:00:00,0.0,0.0,2024-10-28,17
2024-10-28 18:00:00,0.0,0.0,2024-10-28,18
2024-10-28 19:00:00,0.0,0.0,2024-10-28,19
2024-10-28 20:00:00,0.0,0.0,2024-10-28,20
2024-10-28 21:00:00,0.0,0.0,2024-10-28,21
2024-10-28 22:00:00,0.0,0.0,2024-10-28,22
2024-10-28 23:00:00,0.0,0.0,2024-10-28,23
2024-10-29 00:00:00,0.0,0.0,2024-10-29,0
2024-10-29 01:00:00,0.0,0.0,2024-10-29,1
2024-10-29 02:00:00,0.0,0.0,2024-10-29,2
2024-10-29 03:00:00,0.0,0.0,2024-10-29,3
2024-10-29 04:00:00,0.0,0.0,2024-10-29,4
2024-10-29 05:00:00,0.003530275,0.0,2024-10-29,5
2024-10-29 06:00:00,0.1118945,0.1433737,2024-10-29,6
2024-10-29 07:00:00,0.2155758,0.2299415,2024-10-29,7
2024-10-29 08:00:00,0.3225226,0.3385727,2024-10-29,8
2024-10-29 09:00:00,0.7095318,0.8651966,2024-10-29,9
2024-10-29 10:00:00,0.6775773,0.7924643,2024-10-29,10
2024-10-29 11:00:00,0.8223166,0.98918,2024-10-29,11
2024-10-29 12:00:00,0.8057283,0.9764057,2024-10-29,12
2024-10-29 13:00:00,0.687988,0.8452367,2024-10-29,13
2024-10-29 14:00:00,0.5220574,0.6617256,2024-10-29,14
2024-10-29 15:00:00,0.3511789,0.4867889,2024-10-29,15
2024-10-29 16:00:00,0.1159854,0.2360245,2024-10-29,16
2024-10-29 17:00:00,0.0,0.0,2024-10-29,17
2024-10-29 18:00:00,0.0,0.0,2024-10-29,18
2024-10-29 19:00:00,0.0,0.0,2024-10-29,19
2024-10-29 20:00:00,0.0,0.0,2024-10-29,20
2024-10-29 21:00:00,0.0,0.0,2024-10-29,21
2024-10-29 22:00:00,0.0,0.0,2024-10-29,22
2024-10-29 23:00:00,0.0,0.0,2024-10-29,23
2024-10-30 00:00:00,0.0,0.0,2024-10-30,0
2024-10-30 01:00:00,0.0,0.0,2024-10-30,1
2024-10-30 02:00:00,0.0,0.0,2024-10-30,2
2024-10-30 03:00:00,0.0,0.0,2024-10-30,3
2024-10-30 04:00:00,0.0,0.0,2024-10-30,4
2024-10-30 05:00:00,0.004602099,0.0,2024-10-30,5
2024-10-30 06:00:00,0.05730263,0.05717126,2024-10-30,6
2024-10-30 07:00:00,0.07723373,0.07550325,2024-10-30,7
2024-10-30 08:00:00,0.3048553,0.3162342,2024-10-30,8
2024-10-30 09:00:00,0.2291454,0.2245013,2024-10-30,9
2024-10-30 10:00:00,0.4518698,0.4703983,2024-10-30,10
2024-10-30 11:00:00,0.1489046,0.145175,2024-10-30,11
2024-10-30 12:00:00,0.3409781,0.3400165,2024-10-30,12
2024-10-30 13:00:00,0.2743372,0.2719545,2024-10-30,13
2024-10-30 14:00:00,0.3001099,0.3187857,2024-10-30,14
2024-10-30 15:00:00,0.2345233,0.2854562,2024-10-30,15
2024-10-30 16:00:00,0.06337652,0.08768832,2024-10-30,16
2024-10-30 17:00:00,0.0,0.0,2024-10-30,17
2024-10-30 18:00:00,0.0,0.0,2024-10-30,18
2024-10-30 19:00:00,0.0,0.0,2024-10-30,19
2024-10-30 20:00:00,0.0,0.0,2024-10-30,20
2024-10-30 21:00:00,0.0,0.0,2024-10-30,21
2024-10-30 22:00:00,0.0,0.0,2024-10-30,22
2024-10-30 23:00:00,0.0,0.0,2024-10-30,23
2024-10-31 00:00:00,0.0,0.0,2024-10-31,0
2024-10-31 01:00:00,0.0,0.0,2024-10-31,1
2024-10-31 02:00:00,0.0,0.0,2024-10-31,2
2024-10-31 03:00:00,0.0,0.0,2024-10-31,3
2024-10-31 04:00:00,0.0,0.0,2024-10-31,4
2024-10-31 05:00:00,0.001812917,0.0,2024-10-31,5
2024-10-31 06:00:00,0.1045546,0.1318739,2024-10-31,6
2024-10-31 07:00:00,0.331508,0.4296069,2024-10-31,7
2024-10-31 08:00:00,0.5437596,0.6816369,2024-10-31,8
2024-10-31 09:00:00,0.8431359,1.041794,2024-10-31,9
2024-10-31 10:00:00,0.8662117,1.054636,2024-10-31,10
2024-10-31 11:00:00,0.6672958,0.774238,2024-10-31,11
2024-10-31 12:00:00,0.6925817,0.8262409,2024-10-31,12
2024-10-31 13:00:00,0.6566665,0.8082096,2024-10-31,13
2024-10-31 14:00:00,0.4635402,0.5790052,2024-10-31,14
2024-10-31 15:00:00,0.3067133,0.4232462,2024-10-31,15
2024-10-31 16:00:00,0.08895435,0.176325,2024-10-31,16
2024-10-31 17:00:00,0.0,0.0,2024-10-31,17
2024-10-31 18:00:00,0.0,0.0,2024-10-31,18
2024-10-31 19:00:00,0.0,0.0,2024-10-31,19
2024-10-31 20:00:00,0.0,0.0,2024-10-31,20
2024-10-31 21:00:00,0.0,0.0,2024-10-31,21
2024-10-31 22:00:00,0.0,0.0,2024-10-31,22
2024-10-31 23:00:00,0.0,0.0,2024-10-31,23
2024-11-01 00:00:00,0.0,0.0,2024-11-01,0
2024-11-01 01:00:00,0.0,0.0,2024-11-01,1
2024-11-01 02:00:00,0.0,0.0,2024-11-01,2
2024-11-01 03:00:00,0.0,0.0,2024-11-01,3
2024-11-01 04:00:00,0.0,0.0,2024-11-01,4
2024-11-01 05:00:00,0.003516282,0.0,2024-11-01,5
2024-11-01 06:00:00,0.1237591,0.1814351,2024-11-01,6
2024-11-01 07:00:00,0.3488184,0.4631391,2024-11-01,7
2024-11-01 08:00:00,0.5484775,0.6915687,2024-11-01,8
2024-11-01 09:00:00,0.6793857,0.8321341,2024-11-01,9
2024-11-01 10:00:00,0.8554638,1.044056,2024-11-01,10
2024-11-01 11:00:00,0.8443388,1.026177,2024-11-01,11
2024-11-01 12:00:00,0.6537095,0.7710754,2024-11-01,12
2024-11-01 13:00:00,0.474945,0.5343141,2024-11-01,13
2024-11-01 14:00:00,0.4769506,0.6032878,2024-11-01,14
2024-11-01 15:00:00,0.2775795,0.3735125,2024-11-01,15
2024-11-01 16:00:00,0.07306325,0.1264682,2024-11-01,16
2024-11-01 17:00:00,0.0,0.0,2024-11-01,17
2024-11-01 18:00:00,0.0,0.0,2024-11-01,18
2024-11-01 19:00:00,0.0,0.0,2024-11-01,19
2024-11-01 20:00:00,0.0,0.0,2024-11-01,20
2024-11-01 21:00:00,0.0,0.0,2024-11-01,21
2024-11-01 22:00:00,0.0,0.0,2024-11-01,22
2024-11-01 23:00:00,0.0,0.0,2024-11-01,23
2024-11-02 00:00:00,0.0,0.0,2024-11-02,0
2024-11-02 01:00:00,0.0,0.0,2024-11-02,1
2024-11-02 02:00:00,0.0,0.0,2024-11-02,2
2024-11-02 03:00:00,0.0,0.0,2024-11-02,3
2024-11-02 04:00:00,0.0,0.0,2024-11-02,4
2024-11-02 05:00:00,0.003050491,0.0,2024-11-02,5
2024-11-02 06:00:00,0.1030945,0.1333042,2024-11-02,6
2024-11-02 07:00:00,0.3140184,0.4040917,2024-11-02,7
2024-11-02 08:00:00,0.4820779,0.5915172,2024-11-02,8
2024-11-02 09:00:00,0.674827,0.8285222,2024-11-02,9
2024-11-02 10:00:00,0.8174592,0.999034,2024-11-02,10
2024-11-02 11:00:00,0.6584415,0.7657479,2024-11-02,11
2024-11-02 12:00:00,0.6227832,0.7265726,2024-11-02,12
2024-11-02 13:00:00,0.7521166,0.9394235,2024-11-02,13
2024-11-02 14:00:00,0.503679,0.6472208,2024-11-02,14
2024-11-02 15:00:00,0.2743238,0.3706221,2024-11-02,15
2024-11-02 16:00:00,0.07004416,0.1206691,2024-11-02,16
2024-11-02 17:00:00,0.0,0.0,2024-11-02,17
2024-11-02 18:00:00,0.0,0.0,2024-11-02,18
2024-11-02 19:00:00,0.0,0.0,2024-11-02,19
2024-11-02 20:00:00,0.0,0.0,2024-11-02,20
2024-11-02 21:00:00,0.0,0.0,2024-11-02,21
2024-11-02 22:00:00,0.0,0.0,2024-11-02,22
2024-11-02 23:00:00,0.0,0.0,2024-11-02,23
2024-11-03 00:00:00,0.0,0.0,2024-11-03,0
2024-11-03 01:00:00,0.0,0.0,2024-11-03,1
2024-11-03 02:00:00,0.0,0.0,2024-11-03,2
2024-11-03 03:00:00,0.0,0.0,2024-11-03,3
2024-11-03 04:00:00,0.0,0.0,2024-11-03,4
2024-11-03 05:00:00,0.003706055,0.0,2024-11-03,5
2024-11-03 06:00:00,0.1180694,0.1740382,2024-11-03,6
2024-11-03 07:00:00,0.1976933,0.2090022,2024-11-03,7
2024-11-03 08:00:00,0.1756444,0.1722494,2024-11-03,8
2024-11-03 09:00:00,0.3954884,0.4143365,2024-11-03,9
2024-11-03 10:00:00,0.5466225,0.6068518,2024-11-03,10
2024-11-03 11:00:00,0.4675185,0.4904131,2024-11-03,11
2024-11-03 12:00:00,0.6767524,0.8109411,2024-11-03,12
2024-11-03 13:00:00,0.5476603,0.65251,2024-11-03,13
2024-11-03 14:00:00,0.1783519,0.1756554,2024-11-03,14
2024-11-03 15:00:00,0.04241538,0.0414037,2024-11-03,15
2024-11-03 16:00:00,0.00663221,0.006486199,2024-11-03,16
2024-11-03 17:00:00,0.0,0.0,2024-11-03,17
2024-11-03 18:00:00,0.0,0.0,2024-11-03,18
2024-11-03 19:00:00,0.0,0.0,2024-11-03,19
2024-11-03 20:00:00,0.0,0.0,2024-11-03,20
2024-11-03 21:00:00,0.0,0.0,2024-11-03,21
2024-11-03 22:00:00,0.0,0.0,2024-11-03,22
2024-11-03 23:00:00,0.0,0.0,2024-11-03,23
2024-11-04 00:00:00,0.0,0.0,2024-11-04,0
2024-11-04 01:00:00,0.0,0.0,2024-11-04,1
2024-11-04 02:00:00,0.0,0.0,2024-11-04,2
2024-11-04 03:00:00,0.0,0.0,2024-11-04,3
2024-11-04 04:00:00,0.0,0.0,2024-11-04,4
2024-11-04 05:00:00,0.002348472,0.0,2024-11-04,5
2024-11-04 06:00:00,0.1145153,0.1682939,2024-11-04,6
2024-11-04 07:00:00,0.1734536,0.1777693,2024-11-04,7
2024-11-04 08:00:00,0.2100605,0.2076927,2024-11-04,8
2024-11-04 09:00:00,0.2821882,0.2799294,2024-11-04,9
2024-11-04 10:00:00,0.5196706,0.5688998,2024-11-04,10
2024-11-04 11:00:00,0.5144528,0.5555105,2024-11-04,11
2024-11-04 12:00:00,0.7903387,0.9732754,2024-11-04,12
2024-11-04 13:00:00,0.5933867,0.7265409,2024-11-04,13
2024-11-04 14:00:00,0.481952,0.6200731,2024-11-04,14
2024-11-04 15:00:00,0.2419079,0.3127563,2024-11-04,15
2024-11-04 16:00:00,0.08096793,0.1731672,2024-11-04,16
2024-11-04 17:00:00,0.0,0.0,2024-11-04,17
2024-11-04 18:00:00,0.0,0.0,2024-11-04,18
2024-11-04 19:00:00,0.0,0.0,2024-11-04,19
2024-11-04 20:00:00,0.0,0.0,2024-11-04,20
2024-11-04 21:00:00,0.0,0.0,2024-11-04,21
2024-11-04 22:00:00,0.0,0.0,2024-11-04,22
2024-11-04 23:00:00,0.0,0.0,2024-11-04,23
2024-11-05 00:00:00,0.0,0.0,2024-11-05,0
2024-11-05 01:00:00,0.0,0.0,2024-11-05,1
2024-11-05 02:00:00,0.0,0.0,2024-11-05,2
2024-11-05 03:00:00,0.0,0.0,2024-11-05,3
2024-11-05 04:00:00,0.0,0.0,2024-11-05,4
2024-11-05 05:00:00,0.002085679,0.0,2024-11-05,5
2024-11-05 06:00:00,0.08995643,0.1107573,2024-11-05,6
2024-11-05 07:00:00,0.1790181,0.1852977,2024-11-05,7
2024-11-05 08:00:00,0.29226,0.3039661,2024-11-05,8
2024-11-05 09:00:00,0.6583158,0.8132144,2024-11-05,9
2024-11-05 10:00:00,0.6856588,0.8228666,2024-11-05,10
2024-11-05 11:00:00,0.6933389,0.8259707,2024-11-05,11
2024-11-05 12:00:00,0.7770525,0.9585145,2024-11-05,12
2024-11-05 13:00:00,0.6738259,0.8461272,2024-11-05,13
2024-11-05 14:00:00,0.4028237,0.4915358,2024-11-05,14
2024-11-05 15:00:00,0.2339676,0.2995313,2024-11-05,15
2024-11-05 16:00:00,0.05847808,0.09214801,2024-11-05,16
2024-11-05 17:00:00,0.0,0.0,2024-11-05,17
2024-11-05 18:00:00,0.0,0.0,2024-11-05,18
2024-11-05 19:00:00,0.0,0.0,2024-11-05,19
2024-11-05 20:00:00,0.0,0.0,2024-11-05,20
2024-11-05 21:00:00,0.0,0.0,2024-11-05,21
2024-11-05 22:00:00,0.0,0.0,2024-11-05,22
2024-11-05 23:00:00,0.0,0.0,2024-11-05,23
2024-11-06 00:00:00,0.0,0.0,2024-11-06,0
2024-11-06 01:00:00,0.0,0.0,2024-11-06,1
2024-11-06 02:00:00,0.0,0.0,2024-11-06,2
2024-11-06 03:00:00,0.0,0.0,2024-11-06,3
2024-11-06 04:00:00,0.0,0.0,2024-11-06,4
2024-11-06 05:00:00,0.001680561,0.0,2024-11-06,5
2024-11-06 06:00:00,0.125092,0.206912,2024-11-06,6
2024-11-06 07:00:00,0.2992046,0.3883981,2024-11-06,7
2024-11-06 08:00:00,0.4349771,0.5241029,2024-11-06,8
2024-11-06 09:00:00,0.5889043,0.7104598,2024-11-06,9
2024-11-06 10:00:00,0.7154683,0.8697625,2024-11-06,10
2024-11-06 11:00:00,0.8170261,1.004333,2024-11-06,11
2024-11-06 12:00:00,0.8168929,1.012444,2024-11-06,12
2024-11-06 13:00:00,0.7629231,0.9651353,2024-11-06,13
2024-11-06 14:00:00,0.560988,0.7386778,2024-11-06,14
2024-11-06 15:00:00,0.355206,0.5195156,2024-11-06,15
2024-11-06 16:00:00,0.08968278,0.214993,2024-11-06,16
2024-11-06 17:00:00,0.0,0.0,2024-11-06,17
2024-11-06 18:00:00,0.0,0.0,2024-11-06,18
2024-11-06 19:00:00,0.0,0.0,2024-11-06,19
2024-11-06 20:00:00,0.0,0.0,2024-11-06,20
2024-11-06 21:00:00,0.0,0.0,2024-11-06,21
2024-11-06 22:00:00,0.0,0.0,2024-11-06,22
2024-11-06 23:00:00,0.0,0.0,2024-11-06,23
2024-11-07 00:00:00,0.0,0.0,2024-11-07,0
2024-11-07 01:00:00,0.0,0.0,2024-11-07,1
2024-11-07 02:00:00,0.0,0.0,2024-11-07,2
2024-11-07 03:00:00,0.0,0.0,2024-11-07,3
2024-11-07 04:00:00,0.0,0.0,2024-11-07,4
2024-11-07 05:00:00,0.000976662,0.0,2024-11-07,5
2024-11-07 06:00:00,0.1074232,0.1603338,2024-11-07,6
2024-11-07 07:00:00,0.1634748,0.1666752,2024-11-07,7
2024-11-07 08:00:00,0.3822217,0.4385873,2024-11-07,8
2024-11-07 09:00:00,0.5714256,0.685392,2024-11-07,9
2024-11-07 10:00:00,0.5140018,0.5649943,2024-11-07,10
2024-11-07 11:00:00,0.5587224,0.624501,2024-11-07,11
2024-11-07 12:00:00,0.5330566,0.5990472,2024-11-07,12
2024-11-07 13:00:00,0.6100729,0.760044,2024-11-07,13
2024-11-07 14:00:00,0.4148153,0.5171735,2024-11-07,14
2024-11-07 15:00:00,0.2662142,0.3707178,2024-11-07,15
2024-11-07 16:00:00,0.09815799,0.2432824,2024-11-07,16
2024-11-07 17:00:00,0.0,0.0,2024-11-07,17
2024-11-07 18:00:00,0.0,0.0,2024-11-07,18
2024-11-07 19:00:00,0.0,0.0,2024-11-07,19
2024-11-07 20:00:00,0.0,0.0,2024-11-07,20
2024-11-07 21:00:00,0.0,0.0,2024-11-07,21
2024-11-07 22:00:00,0.0,0.0,2024-11-07,22
2024-11-07 23:00:00,0.0,0.0,2024-11-07,23
2024-11-08 00:00:00,0.0,0.0,2024-11-08,0
2024-11-08 01:00:00,0.0,0.0,2024-11-08,1
2024-11-08 02:00:00,0.0,0.0,2024-11-08,2
2024-11-08 03:00:00,0.0,0.0,2024-11-08,3
2024-11-08 04:00:00,0.0,0.0,2024-11-08,4
2024-11-08 05:00:00,0.001184548,0.0,2024-11-08,5
2024-11-08 06:00:00,0.1080832,0.1663611,2024-11-08,6
2024-11-08 07:00:00,0.3786842,0.534874,2024-11-08,7
2024-11-08 08:00:00,0.5800015,0.7563831,2024-11-08,8
2024-11-08 09:00:00,0.6970834,0.8763639,2024-11-08,9
2024-11-08 10:00:00,0.8077644,1.002529,2024-11-08,10
2024-11-08 11:00:00,0.6325534,0.7399142,2024-11-08,11
2024-11-08 12:00:00,0.6352385,0.7602595,2024-11-08,12
2024-11-08 13:00:00,0.5682902,0.6978429,2024-11-08,13
2024-11-08 14:00:00,0.4155477,0.5209503,2024-11-08,14
2024-11-08 15:00:00,0.2994172,0.4372024,2024-11-08,15
2024-11-08 16:00:00,0.069376,0.1495777,2024-11-08,16
2024-11-08 17:00:00,0.0,0.0,2024-11-08,17
2024-11-08 18:00:00,0.0,0.0,2024-11-08,18
2024-11-08 19:00:00,0.0,0.0,2024-11-08,19
2024-11-08 20:00:00,0.0,0.0,2024-11-08,20
2024-11-08 21:00:00,0.0,0.0,2024-11-08,21
2024-11-08 22:00:00,0.0,0.0,2024-11-08,22
2024-11-08 23:00:00,0.0,0.0,2024-11-08,23
2024-11-09 00:00:00,0.0,0.0,2024-11-09,0
2024-11-09 01:00:00,0.0,0.0,2024-11-09,1
2024-11-09 02:00:00,0.0,0.0,2024-11-09,2
2024-11-09 03:00:00,0.0,0.0,2024-11-09,3
2024-11-09 04:00:00,0.0,0.0,2024-11-09,4
2024-11-09 05:00:00,0.000991924,0.0,2024-11-09,5
2024-11-09 06:00:00,0.1203051,0.2080813,2024-11-09,6
2024-11-09 07:00:00,0.3208288,0.4392167,2024-11-09,7
2024-11-09 08:00:00,0.6537272,0.8587511,2024-11-09,8
2024-11-09 09:00:00,0.8197433,1.039462,2024-11-09,9
2024-11-09 10:00:00,0.828147,1.031057,2024-11-09,10
2024-11-09 11:00:00,0.9020293,1.120578,2024-11-09,11
2024-11-09 12:00:00,0.7761835,0.9677793,2024-11-09,12
2024-11-09 13:00:00,0.7666172,0.9785708,2024-11-09,13
2024-11-09 14:00:00,0.4489268,0.5806888,2024-11-09,14
2024-11-09 15:00:00,0.229321,0.2999764,2024-11-09,15
2024-11-09 16:00:00,0.06673358,0.1432087,2024-11-09,16
2024-11-09 17:00:00,0.0,0.0,2024-11-09,17
2024-11-09 18:00:00,0.0,0.0,2024-11-09,18
2024-11-09 19:00:00,0.0,0.0,2024-11-09,19
2024-11-09 20:00:00,0.0,0.0,2024-11-09,20
2024-11-09 21:00:00,0.0,0.0,2024-11-09,21
2024-11-09 22:00:00,0.0,0.0,2024-11-09,22
2024-11-09 23:00:00,0.0,0.0,2024-11-09,23
2024-11-10 00:00:00,0.0,0.0,2024-11-10,0
2024-11-10 01:00:00,0.0,0.0,2024-11-10,1
2024-11-10 02:00:00,0.0,0.0,2024-11-10,2
2024-11-10 03:00:00,0.0,0.0,2024-11-10,3
2024-11-10 04:00:00,0.0,0.0,2024-11-10,4
2024-11-10 05:00:00,0.001500521,0.0,2024-11-10,5
2024-11-10 06:00:00,0.1616458,0.3162851,2024-11-10,6
2024-11-10 07:00:00,0.3859338,0.551782,2024-11-10,7
2024-11-10 08:00:00,0.5523643,0.7234672,2024-11-10,8
2024-11-10 09:00:00,0.7332397,0.9294694,2024-11-10,9
2024-11-10 10:00:00,0.9368763,1.173241,2024-11-10,10
2024-11-10 11:00:00,0.8865527,1.103482,2024-11-10,11
2024-11-10 12:00:00,0.7890812,0.987093,2024-11-10,12
2024-11-10 13:00:00,0.6097392,0.7673654,2024-11-10,13
2024-11-10 14:00:00,0.5570006,0.7444039,2024-11-10,14
2024-11-10 15:00:00,0.2945867,0.4346429,2024-11-10,15
2024-11-10 16:00:00,0.05420096,0.09318306,2024-11-10,16
2024-11-10 17:00:00,0.0,0.0,2024-11-10,17
2024-11-10 18:00:00,0.0,0.0,2024-11-10,18
2024-11-10 19:00:00,0.0,0.0,2024-11-10,19
2024-11-10 20:00:00,0.0,0.0,2024-11-10,20
2024-11-10 21:00:00,0.0,0.0,2024-11-10,21
2024-11-10 22:00:00,0.0,0.0,2024-11-10,22
2024-11-10 23:00:00,0.0,0.0,2024-11-10,23
2024-11-11 00:00:00,0.0,0.0,2024-11-11,0
2024-11-11 01:00:00,0.0,0.0,2024-11-11,1
2024-11-11 02:00:00,0.0,0.0,2024-11-11,2
2024-11-11 03:00:00,0.0,0.0,2024-11-11,3
2024-11-11 04:00:00,0.0,0.0,2024-11-11,4
2024-11-11 05:00:00,0.000902243,0.0,2024-11-11,5
2024-11-11 06:00:00,0.08209521,0.1059335,2024-11-11,6
2024-11-11 07:00:00,0.07738588,0.07582753,2024-11-11,7
2024-11-11 08:00:00,0.1905778,0.1879889,2024-11-11,8
2024-11-11 09:00:00,0.234861,0.2310068,2024-11-11,9
2024-11-11 10:00:00,0.3255451,0.3248417,2024-11-11,10
2024-11-11 11:00:00,0.3433996,0.3434452,2024-11-11,11
2024-11-11 12:00:00,0.2191242,0.2144888,2024-11-11,12
2024-11-11 13:00:00,0.1699167,0.1662611,2024-11-11,13
2024-11-11 14:00:00,0.2235494,0.2268647,2024-11-11,14
2024-11-11 15:00:00,0.02883559,0.02811797,2024-11-11,15
2024-11-11 16:00:00,0.01735302,0.01737851,2024-11-11,16
2024-11-11 17:00:00,0.0,0.0,2024-11-11,17
2024-11-11 18:00:00,0.0,0.0,2024-11-11,18
2024-11-11 19:00:00,0.0,0.0,2024-11-11,19
2024-11-11 20:00:00,0.0,0.0,2024-11-11,20
2024-11-11 21:00:00,0.0,0.0,2024-11-11,21
2024-11-11 22:00:00,0.0,0.0,2024-11-11,22
2024-11-11 23:00:00,0.0,0.0,2024-11-11,23
2024-11-12 00:00:00,0.0,0.0,2024-11-12,0
2024-11-12 01:00:00,0.0,0.0,2024-11-12,1
2024-11-12 02:00:00,0.0,0.0,2024-11-12,2
2024-11-12 03:00:00,0.0,0.0,2024-11-12,3
2024-11-12 04:00:00,0.0,0.0,2024-11-12,4
2024-11-12 05:00:00,0.00060854,0.0,2024-11-12,5
2024-11-12 06:00:00,0.09500711,0.1442501,2024-11-12,6
2024-11-12 07:00:00,0.02190077,0.02131638,2024-11-12,7
2024-11-12 08:00:00,0.04642286,0.04519321,2024-11-12,8
2024-11-12 09:00:00,0.1067886,0.1041405,2024-11-12,9
2024-11-12 10:00:00,0.1190664,0.1160792,2024-11-12,10
2024-11-12 11:00:00,0.1322534,0.1289706,2024-11-12,11
2024-11-12 12:00:00,0.1345984,0.1313179,2024-11-12,12
2024-11-12 13:00:00,0.09196521,0.08965398,2024-11-12,13
2024-11-12 14:00:00,0.1076862,0.1053429,2024-11-12,14
2024-11-12 15:00:00,0.04112994,0.04019012,2024-11-12,15
2024-11-12 16:00:00,0.01012708,0.01001174,2024-11-12,16
2024-11-12 17:00:00,0.0,0.0,2024-11-12,17
2024-11-12 18:00:00,0.0,0.0,2024-11-12,18
2024-11-12 19:00:00,0.0,0.0,2024-11-12,19
2024-11-12 20:00:00,0.0,0.0,2024-11-12,20
2024-11-12 21:00:00,0.0,0.0,2024-11-12,21
2024-11-12 22:00:00,0.0,0.0,2024-11-12,22
2024-11-12 23:00:00,0.0,0.0,2024-11-12,23
2024-11-13 00:00:00,0.0,0.0,2024-11-13,0
2024-11-13 01:00:00,0.0,0.0,2024-11-13,1
2024-11-13 02:00:00,0.0,0.0,2024-11-13,2
2024-11-13 03:00:00,0.0,0.0,2024-11-13,3
2024-11-13 04:00:00,0.0,0.0,2024-11-13,4
2024-11-13 05:00:00,0.000442171,0.0,2024-11-13,5
2024-11-13 06:00:00,0.11416,0.2111604,2024-11-13,6
2024-11-13 07:00:00,0.1734512,0.1825737,2024-11-13,7
2024-11-13 08:00:00,0.3220385,0.3529592,2024-11-13,8
2024-11-13 09:00:00,0.4654065,0.5280995,2024-11-13,9
2024-11-13 10:00:00,0.2628331,0.2584146,2024-11-13,10
2024-11-13 11:00:00,0.4338128,0.4539952,2024-11-13,11
2024-11-13 12:00:00,0.6747262,0.8332394,2024-11-13,12
2024-11-13 13:00:00,0.4671058,0.543246,2024-11-13,13
2024-11-13 14:00:00,0.2844222,0.3091545,2024-11-13,14
2024-11-13 15:00:00,0.1438509,0.1518461,2024-11-13,15
2024-11-13 16:00:00,0.06082063,0.134706,2024-11-13,16
2024-11-13 17:00:00,0.0,0.0,2024-11-13,17
2024-11-13 18:00:00,0.0,0.0,2024-11-13,18
2024-11-13 19:00:00,0.0,0.0,2024-11-13,19
2024-11-13 20:00:00,0.0,0.0,2024-11-13,20
2024-11-13 21:00:00,0.0,0.0,2024-11-13,21
2024-11-13 22:00:00,0.0,0.0,2024-11-13,22
2024-11-13 23:00:00,0.0,0.0,2024-11-13,23
2024-11-14 00:00:00,0.0,0.0,2024-11-14,0
2024-11-14 01:00:00,0.0,0.0,2024-11-14,1
2024-11-14 02:00:00,0.0,0.0,2024-11-14,2
2024-11-14 03:00:00,0.0,0.0,2024-11-14,3
2024-11-14 04:00:00,0.0,0.0,2024-11-14,4
2024-11-14 05:00:00,0.000384387,0.0,2024-11-14,5
2024-11-14 06:00:00,0.09568135,0.1553007,2024-11-14,6
2024-11-14 07:00:00,0.2850755,0.3854735,2024-11-14,7
2024-11-14 08:00:00,0.4694155,0.6042879,2024-11-14,8
2024-11-14 09:00:00,0.7629712,0.9788784,2024-11-14,9
2024-11-14 10:00:00,0.799336,1.006324,2024-11-14,10
2024-11-14 11:00:00,0.9263803,1.165138,2024-11-14,11
2024-11-14 12:00:00,0.8311644,1.051077,2024-11-14,12
2024-11-14 13:00:00,0.6721798,0.866559,2024-11-14,13
2024-11-14 14:00:00,0.4940382,0.665574,2024-11-14,14
2024-11-14 15:00:00,0.2942947,0.4454238,2024-11-14,15
2024-11-14 16:00:00,0.07939227,0.2232886,2024-11-14,16
2024-11-14 17:00:00,0.0,0.0,2024-11-14,17
2024-11-14 18:00:00,0.0,0.0,2024-11-14,18
2024-11-14 19:00:00,0.0,0.0,2024-11-14,19
2024-11-14 20:00:00,0.0,0.0,2024-11-14,20
2024-11-14 21:00:00,0.0,0.0,2024-11-14,21
2024-11-14 22:00:00,0.0,0.0,2024-11-14,22
2024-11-14 23:00:00,0.0,0.0,2024-11-14,23
2024-11-15 00:00:00,0.0,0.0,2024-11-15,0
2024-11-15 01:00:00,0.0,0.0,2024-11-15,1
2024-11-15 02:00:00,0.0,0.0,2024-11-15,2
2024-11-15 03:00:00,0.0,0.0,2024-11-15,3
2024-11-15 04:00:00,0.0,0.0,2024-11-15,4
2024-11-15 05:00:00,8.1306e-05,0.0,2024-11-15,5
2024-11-15 06:00:00,0.03996117,0.0400934,2024-11-15,6
2024-11-15 07:00:00,0.1096658,0.1081994,2024-11-15,7
2024-11-15 08:00:00,0.2485663,0.254034,2024-11-15,8
2024-11-15 09:00:00,0.5547792,0.6781834,2024-11-15,9
2024-11-15 10:00:00,0.3668993,0.3738595,2024-11-15,10
2024-11-15 11:00:00,0.3918472,0.4016601,2024-11-15,11
2024-11-15 12:00:00,0.501644,0.5630619,2024-11-15,12
2024-11-15 13:00:00,0.5900611,0.749154,2024-11-15,13
2024-11-15 14:00:00,0.3877873,0.4872852,2024-11-15,14
2024-11-15 15:00:00,0.1470231,0.157266,2024-11-15,15
2024-11-15 16:00:00,0.03711713,0.04672632,2024-11-15,16
2024-11-15 17:00:00,0.0,0.0,2024-11-15,17
2024-11-15 18:00:00,0.0,0.0,2024-11-15,18
2024-11-15 19:00:00,0.0,0.0,2024-11-15,19
2024-11-15 20:00:00,0.0,0.0,2024-11-15,20
2024-11-15 21:00:00,0.0,0.0,2024-11-15,21
2024-11-15 22:00:00,0.0,0.0,2024-11-15,22
2024-11-15 23:00:00,0.0,0.0,2024-11-15,23
2024-11-16 00:00:00,0.0,0.0,2024-11-16,0
2024-11-16 01:00:00,0.0,0.0,2024-11-16,1
2024-11-16 02:00:00,0.0,0.0,2024-11-16,2
2024-11-16 03:00:00,0.0,0.0,2024-11-16,3
2024-11-16 04:00:00,0.0,0.0,2024-11-16,4
2024-11-16 05:00:00,0.000179182,0.0,2024-11-16,5
2024-11-16 06:00:00,0.09518858,0.1638827,2024-11-16,6
2024-11-16 07:00:00,0.1554603,0.1603319,2024-11-16,7
2024-11-16 08:00:00,0.1082928,0.1058792,2024-11-16,8
2024-11-16 09:00:00,0.2721429,0.2711426,2024-11-16,9
2024-11-16 10:00:00,0.4384927,0.467224,2024-11-16,10
2024-11-16 11:00:00,0.3342264,0.3342946,2024-11-16,11
2024-11-16 12:00:00,0.06604759,0.06428129,2024-11-16,12
2024-11-16 13:00:00,0.1166485,0.1138802,2024-11-16,13
2024-11-16 14:00:00,0.1459001,0.1432841,2024-11-16,14
2024-11-16 15:00:00,0.1028953,0.1024034,2024-11-16,15
2024-11-16 16:00:00,0.037912,0.04957743,2024-11-16,16
2024-11-16 17:00:00,0.0,0.0,2024-11-16,17
2024-11-16 18:00:00,0.0,0.0,2024-11-16,18
2024-11-16 19:00:00,0.0,0.0,2024-11-16,19
2024-11-16 20:00:00,0.0,0.0,2024-11-16,20
2024-11-16 21:00:00,0.0,0.0,2024-11-16,21
2024-11-16 22:00:00,0.0,0.0,2024-11-16,22
2024-11-16 23:00:00,0.0,0.0,2024-11-16,23
2024-11-17 00:00:00,0.0,0.0,2024-11-17,0
2024-11-17 01:00:00,0.0,0.0,2024-11-17,1
2024-11-17 02:00:00,0.0,0.0,2024-11-17,2
2024-11-17 03:00:00,0.0,0.0,2024-11-17,3
2024-11-17 04:00:00,0.0,0.0,2024-11-17,4
2024-11-17 05:00:00,6.27719e-05,0.0,2024-11-17,5
2024-11-17 06:00:00,0.06987441,0.09044965,2024-11-17,6
2024-11-17 07:00:00,0.1546315,0.1597155,2024-11-17,7
2024-11-17 08:00:00,0.2975107,0.3208433,2024-11-17,8
2024-11-17 09:00:00,0.6949821,0.8962449,2024-11-17,9
2024-11-17 10:00:00,0.6562566,0.8075328,2024-11-17,10
2024-11-17 11:00:00,0.4667009,0.5021837,2024-11-17,11
2024-11-17 12:00:00,0.3583155,0.3658261,2024-11-17,12
2024-11-17 13:00:00,0.438062,0.5018964,2024-11-17,13
2024-11-17 14:00:00,0.4017782,0.5167551,2024-11-17,14
2024-11-17 15:00:00,0.1059871,0.105856,2024-11-17,15
2024-11-17 16:00:00,0.02752137,0.02938387,2024-11-17,16
2024-11-17 17:00:00,0.0,0.0,2024-11-17,17
2024-11-17 18:00:00,0.0,0.0,2024-11-17,18
2024-11-17 19:00:00,0.0,0.0,2024-11-17,19
2024-11-17 20:00:00,0.0,0.0,2024-11-17,20
2024-11-17 21:00:00,0.0,0.0,2024-11-17,21
2024-11-17 22:00:00,0.0,0.0,2024-11-17,22
2024-11-17 23:00:00,0.0,0.0,2024-11-17,23
2024-11-18 00:00:00,0.0,0.0,2024-11-18,0
2024-11-18 01:00:00,0.0,0.0,2024-11-18,1
2024-11-18 02:00:00,0.0,0.0,2024-11-18,2
2024-11-18 03:00:00,0.0,0.0,2024-11-18,3
2024-11-18 04:00:00,0.0,0.0,2024-11-18,4
2024-11-18 05:00:00,5.20968e-05,0.0,2024-11-18,5
2024-11-18 06:00:00,0.05613772,0.06316323,2024-11-18,6
2024-11-18 07:00:00,0.127343,0.1273648,2024-11-18,7
2024-11-18 08:00:00,0.215839,0.2163779,2024-11-18,8
2024-11-18 09:00:00,0.4898708,0.5767944,2024-11-18,9
2024-11-18 10:00:00,0.6563895,0.8100384,2024-11-18,10
2024-11-18 11:00:00,0.462844,0.4976176,2024-11-18,11
2024-11-18 12:00:00,0.5431952,0.6333176,2024-11-18,12
2024-11-18 13:00:00,0.4089832,0.4568478,2024-11-18,13
2024-11-18 14:00:00,0.3659444,0.4527553,2024-11-18,14
2024-11-18 15:00:00,0.2428369,0.3501937,2024-11-18,15
2024-11-18 16:00:00,0.03894986,0.05435882,2024-11-18,16
2024-11-18 17:00:00,0.0,0.0,2024-11-18,17
2024-11-18 18:00:00,0.0,0.0,2024-11-18,18
2024-11-18 19:00:00,0.0,0.0,2024-11-18,19
2024-11-18 20:00:00,0.0,0.0,2024-11-18,20
2024-11-18 21:00:00,0.0,0.0,2024-11-18,21
2024-11-18 22:00:00,0.0,0.0,2024-11-18,22
2024-11-18 23:00:00,0.0,0.0,2024-11-18,23
2024-11-19 00:00:00,0.0,0.0,2024-11-19,0
2024-11-19 01:00:00,0.0,0.0,2024-11-19,1
2024-11-19 02:00:00,0.0,0.0,2024-11-19,2
2024-11-19 03:00:00,0.0,0.0,2024-11-19,3
2024-11-19 04:00:00,0.0,0.0,2024-11-19,4
2024-11-19 05:00:00,1.36455e-05,0.0,2024-11-19,5
2024-11-19 06:00:00,0.04794036,0.05085032,2024-11-19,6
2024-11-19 07:00:00,0.1185543,0.1178718,2024-11-19,7
2024-11-19 08:00:00,0.3736098,0.4474828,2024-11-19,8
2024-11-19 09:00:00,0.4143384,0.4574765,2024-11-19,9
2024-11-19 10:00:00,0.4387744,0.4702352,2024-11-19,10
2024-11-19 11:00:00,0.5345089,0.6059459,2024-11-19,11
2024-11-19 12:00:00,0.1301877,0.1270426,2024-11-19,12
2024-11-19 13:00:00,0.157805,0.154431,2024-11-19,13
2024-11-19 14:00:00,0.1690834,0.167133,2024-11-19,14
2024-11-19 15:00:00,0.2022478,0.2613322,2024-11-19,15
2024-11-19 16:00:00,0.04201454,0.06571892,2024-11-19,16
2024-11-19 17:00:00,0.0,0.0,2024-11-19,17
2024-11-19 18:00:00,0.0,0.0,2024-11-19,18
2024-11-19 19:00:00,0.0,0.0,2024-11-19,19
2024-11-19 20:00:00,0.0,0.0,2024-11-19,20
2024-11-19 21:00:00,0.0,0.0,2024-11-19,21
2024-11-19 22:00:00,0.0,0.0,2024-11-19,22
2024-11-19 23:00:00,0.0,0.0,2024-11-19,23
2024-11-20 00:00:00,0.0,0.0,2024-11-20,0
2024-11-20 01:00:00,0.0,0.0,2024-11-20,1
2024-11-20 02:00:00,0.0,0.0,2024-11-20,2
2024-11-20 03:00:00,0.0,0.0,2024-11-20,3
2024-11-20 04:00:00,0.0,0.0,2024-11-20,4
2024-11-20 05:00:00,4.89011e-07,0.0,2024-11-20,5
2024-11-20 06:00:00,0.1071581,0.2321952,2024-11-20,6
2024-11-20 07:00:00,0.163343,0.1731108,2024-11-20,7
2024-11-20 08:00:00,0.2195006,0.2210411,2024-11-20,8
2024-11-20 09:00:00,0.1723602,0.1687321,2024-11-20,9
2024-11-20 10:00:00,0.2075256,0.2031602,2024-11-20,10
2024-11-20 11:00:00,0.3086228,0.306726,2024-11-20,11
2024-11-20 12:00:00,0.60418,0.7365426,2024-11-20,12
2024-11-20 13:00:00,0.5784734,0.741447,2024-11-20,13
2024-11-20 14:00:00,0.4611807,0.6270154,2024-11-20,14
2024-11-20 15:00:00,0.2368566,0.3406826,2024-11-20,15
2024-11-20 16:00:00,0.05180074,0.1121561,2024-11-20,16
2024-11-20 17:00:00,0.0,0.0,2024-11-20,17
2024-11-20 18:00:00,0.0,0.0,2024-11-20,18
2024-11-20 19:00:00,0.0,0.0,2024-11-20,19
2024-11-20 20:00:00,0.0,0.0,2024-11-20,20
2024-11-20 21:00:00,0.0,0.0,2024-11-20,21
2024-11-20 22:00:00,0.0,0.0,2024-11-20,22
2024-11-20 23:00:00,0.0,0.0,2024-11-20,23
2024-11-21 00:00:00,0.0,0.0,2024-11-21,0
2024-11-21 01:00:00,0.0,0.0,2024-11-21,1
2024-11-21 02:00:00,0.0,0.0,2024-11-21,2
2024-11-21 03:00:00,0.0,0.0,2024-11-21,3
2024-11-21 04:00:00,0.0,0.0,2024-11-21,4
2024-11-21 05:00:00,0.0,0.0,2024-11-21,5
2024-11-21 06:00:00,0.06816623,0.09688377,2024-11-21,6
2024-11-21 07:00:00,0.2858343,0.4102803,2024-11-21,7
2024-11-21 08:00:00,0.5762888,0.7854767,2024-11-21,8
2024-11-21 09:00:00,0.7404705,0.9661708,2024-11-21,9
2024-11-21 10:00:00,0.7612402,0.9713627,2024-11-21,10
2024-11-21 11:00:00,0.720275,0.9045633,2024-11-21,11
2024-11-21 12:00:00,0.7575738,0.9698041,2024-11-21,12
2024-11-21 13:00:00,0.6815692,0.8937487,2024-11-21,13
2024-11-21 14:00:00,0.508916,0.7022797,2024-11-21,14
2024-11-21 15:00:00,0.2800997,0.4353192,2024-11-21,15
2024-11-21 16:00:00,0.0595144,0.158254,2024-11-21,16
2024-11-21 17:00:00,0.0,0.0,2024-11-21,17
2024-11-21 18:00:00,0.0,0.0,2024-11-21,18
2024-11-21 19:00:00,0.0,0.0,2024-11-21,19
2024-11-21 20:00:00,0.0,0.0,2024-11-21,20
2024-11-21 21:00:00,0.0,0.0,2024-11-21,21
2024-11-21 22:00:00,0.0,0.0,2024-11-21,22
2024-11-21 23:00:00,0.0,0.0,2024-11-21,23
2024-11-22 00:00:00,0.0,0.0,2024-11-22,0
2024-11-22 01:00:00,0.0,0.0,2024-11-22,1
2024-11-22 02:00:00,0.0,0.0,2024-11-22,2
2024-11-22 03:00:00,0.0,0.0,2024-11-22,3
2024-11-22 04:00:00,0.0,0.0,2024-11-22,4
2024-11-22 05:00:00,0.0,0.0,2024-11-22,5
2024-11-22 06:00:00,0.07119866,0.1100559,2024-11-22,6
2024-11-22 07:00:00,0.2363954,0.3070861,2024-11-22,7
2024-11-22 08:00:00,0.3927584,0.4884778,2024-11-22,8
2024-11-22 09:00:00,0.6655928,0.8670945,2024-11-22,9
2024-11-22 10:00:00,0.7388314,0.9424654,2024-11-22,10
2024-11-22 11:00:00,0.7685391,0.9761538,2024-11-22,11
2024-11-22 12:00:00,0.779664,1.000819,2024-11-22,12
2024-11-22 13:00:00,0.7075263,0.9308265,2024-11-22,13
2024-11-22 14:00:00,0.4928298,0.6806877,2024-11-22,14
2024-11-22 15:00:00,0.2613892,0.3989851,2024-11-22,15
2024-11-22 16:00:00,0.0637935,0.1853319,2024-11-22,16
2024-11-22 17:00:00,0.0,0.0,2024-11-22,17
2024-11-22 18:00:00,0.0,0.0,2024-11-22,18
2024-11-22 19:00:00,0.0,0.0,2024-11-22,19
2024-11-22 20:00:00,0.0,0.0,2024-11-22,20
2024-11-22 21:00:00,0.0,0.0,2024-11-22,21
2024-11-22 22:00:00,0.0,0.0,2024-11-22,22
2024-11-22 23:00:00,0.0,0.0,2024-11-22,23
2024-11-23 00:00:00,0.0,0.0,2024-11-23,0
2024-11-23 01:00:00,0.0,0.0,2024-11-23,1
2024-11-23 02:00:00,0.0,0.0,2024-11-23,2
2024-11-23 03:00:00,0.0,0.0,2024-11-23,3
2024-11-23 04:00:00,0.0,0.0,2024-11-23,4
2024-11-23 05:00:00,0.0,0.0,2024-11-23,5
2024-11-23 06:00:00,0.08497591,0.1677674,2024-11-23,6
2024-11-23 07:00:00,0.3797437,0.582563,2024-11-23,7
2024-11-23 08:00:00,0.5592207,0.766207,2024-11-23,8
2024-11-23 09:00:00,0.7322982,0.9596642,2024-11-23,9
2024-11-23 10:00:00,0.8558041,1.100434,2024-11-23,10
2024-11-23 11:00:00,0.887957,1.136056,2024-11-23,11
2024-11-23 12:00:00,0.7858942,1.01091,2024-11-23,12
2024-11-23 13:00:00,0.7697521,1.017608,2024-11-23,13
2024-11-23 14:00:00,0.5835781,0.8135126,2024-11-23,14
2024-11-23 15:00:00,0.2936867,0.4644393,2024-11-23,15
2024-11-23 16:00:00,0.05546471,0.1396704,2024-11-23,16
2024-11-23 17:00:00,0.0,0.0,2024-11-23,17
2024-11-23 18:00:00,0.0,0.0,2024-11-23,18
2024-11-23 19:00:00,0.0,0.0,2024-11-23,19
2024-11-23 20:00:00,0.0,0.0,2024-11-23,20
2024-11-23 21:00:00,0.0,0.0,2024-11-23,21
2024-11-23 22:00:00,0.0,0.0,2024-11-23,22
2024-11-23 23:00:00,0.0,0.0,2024-11-23,23
2024-11-24 00:00:00,0.0,0.0,2024-11-24,0
2024-11-24 01:00:00,0.0,0.0,2024-11-24,1
2024-11-24 02:00:00,0.0,0.0,2024-11-24,2
2024-11-24 03:00:00,0.0,0.0,2024-11-24,3
2024-11-24 04:00:00,0.0,0.0,2024-11-24,4
2024-11-24 05:00:00,0.0,0.0,2024-11-24,5
2024-11-24 06:00:00,0.09619844,0.2203722,2024-11-24,6
2024-11-24 07:00:00,0.2742053,0.3955474,2024-11-24,7
2024-11-24 08:00:00,0.4274805,0.5571486,2024-11-24,8
2024-11-24 09:00:00,0.5149245,0.6311934,2024-11-24,9
2024-11-24 10:00:00,0.7263269,0.9287706,2024-11-24,10
2024-11-24 11:00:00,0.9217494,1.182763,2024-11-24,11
2024-11-24 12:00:00,0.7978308,1.028554,2024-11-24,12
2024-11-24 13:00:00,0.7014127,0.9262549,2024-11-24,13
2024-11-24 14:00:00,0.4912073,0.6817486,2024-11-24,14
2024-11-24 15:00:00,0.3140555,0.5005543,2024-11-24,15
2024-11-24 16:00:00,0.0811848,0.2647249,2024-11-24,16
2024-11-24 17:00:00,0.0,0.0,2024-11-24,17
2024-11-24 18:00:00,0.0,0.0,2024-11-24,18
2024-11-24 19:00:00,0.0,0.0,2024-11-24,19
2024-11-24 20:00:00,0.0,0.0,2024-11-24,20
2024-11-24 21:00:00,0.0,0.0,2024-11-24,21
2024-11-24 22:00:00,0.0,0.0,2024-11-24,22
2024-11-24 23:00:00,0.0,0.0,2024-11-24,23
2024-11-25 00:00:00,0.0,0.0,2024-11-25,0
2024-11-25 01:00:00,0.0,0.0,2024-11-25,1
2024-11-25 02:00:00,0.0,0.0,2024-11-25,2
2024-11-25 03:00:00,0.0,0.0,2024-11-25,3
2024-11-25 04:00:00,0.0,0.0,2024-11-25,4
2024-11-25 05:00:00,0.0,0.0,2024-11-25,5
2024-11-25 06:00:00,0.05132164,0.06260335,2024-11-25,6
2024-11-25 07:00:00,0.2941744,0.4410638,2024-11-25,7
2024-11-25 08:00:00,0.3977611,0.5046415,2024-11-25,8
2024-11-25 09:00:00,0.5422618,0.6800783,2024-11-25,9
2024-11-25 10:00:00,0.7675768,0.9876446,2024-11-25,10
2024-11-25 11:00:00,0.7388977,0.9397893,2024-11-25,11
2024-11-25 12:00:00,0.5104619,0.5897681,2024-11-25,12
2024-11-25 13:00:00,0.4795665,0.5824376,2024-11-25,13
2024-11-25 14:00:00,0.4376626,0.5958499,2024-11-25,14
2024-11-25 15:00:00,0.2674726,0.4169674,2024-11-25,15
2024-11-25 16:00:00,0.05979196,0.169333,2024-11-25,16
2024-11-25 17:00:00,0.0,0.0,2024-11-25,17
2024-11-25 18:00:00,0.0,0.0,2024-11-25,18
2024-11-25 19:00:00,0.0,0.0,2024-11-25,19
2024-11-25 20:00:00,0.0,0.0,2024-11-25,20
2024-11-25 21:00:00,0.0,0.0,2024-11-25,21
2024-11-25 22:00:00,0.0,0.0,2024-11-25,22
2024-11-25 23:00:00,0.0,0.0,2024-11-25,23
2024-11-26 00:00:00,0.0,0.0,2024-11-26,0
2024-11-26 01:00:00,0.0,0.0,2024-11-26,1
2024-11-26 02:00:00,0.0,0.0,2024-11-26,2
2024-11-26 03:00:00,0.0,0.0,2024-11-26,3
2024-11-26 04:00:00,0.0,0.0,2024-11-26,4
2024-11-26 05:00:00,0.0,0.0,2024-11-26,5
2024-11-26 06:00:00,0.05895726,0.08503369,2024-11-26,6
2024-11-26 07:00:00,0.2608202,0.3726473,2024-11-26,7
2024-11-26 08:00:00,0.4968645,0.6816208,2024-11-26,8
2024-11-26 09:00:00,0.5151738,0.6356484,2024-11-26,9
2024-11-26 10:00:00,0.5631374,0.6737556,2024-11-26,10
2024-11-26 11:00:00,0.6897339,0.8676958,2024-11-26,11
2024-11-26 12:00:00,0.7530177,0.9725057,2024-11-26,12
2024-11-26 13:00:00,0.5012367,0.6214607,2024-11-26,13
2024-11-26 14:00:00,0.4208668,0.5672319,2024-11-26,14
2024-11-26 15:00:00,0.2665743,0.4165605,2024-11-26,15
2024-11-26 16:00:00,0.06271753,0.1880943,2024-11-26,16
2024-11-26 17:00:00,0.0,0.0,2024-11-26,17
2024-11-26 18:00:00,0.0,0.0,2024-11-26,18
2024-11-26 19:00:00,0.0,0.0,2024-11-26,19
2024-11-26 20:00:00,0.0,0.0,2024-11-26,20
2024-11-26 21:00:00,0.0,0.0,2024-11-26,21
2024-11-26 22:00:00,0.0,0.0,2024-11-26,22
2024-11-26 23:00:00,0.0,0.0,2024-11-26,23
2024-11-27 00:00:00,0.0,0.0,2024-11-27,0
2024-11-27 01:00:00,0.0,0.0,2024-11-27,1
2024-11-27 02:00:00,0.0,0.0,2024-11-27,2
2024-11-27 03:00:00,0.0,0.0,2024-11-27,3
2024-11-27 04:00:00,0.0,0.0,2024-11-27,4
2024-11-27 05:00:00,0.0,0.0,2024-11-27,5
2024-11-27 06:00:00,0.05881466,0.08784982,2024-11-27,6
2024-11-27 07:00:00,0.2135877,0.271057,2024-11-27,7
2024-11-27 08:00:00,0.5360071,0.7420863,2024-11-27,8
2024-11-27 09:00:00,0.6508863,0.8565366,2024-11-27,9
2024-11-27 10:00:00,0.8821744,1.143881,2024-11-27,10
2024-11-27 11:00:00,0.8835065,1.137951,2024-11-27,11
2024-11-27 12:00:00,0.7878738,1.020451,2024-11-27,12
2024-11-27 13:00:00,0.5987216,0.7856268,2024-11-27,13
2024-11-27 14:00:00,0.5279406,0.7398667,2024-11-27,14
2024-11-27 15:00:00,0.3244474,0.522873,2024-11-27,15
2024-11-27 16:00:00,0.07708493,0.2558246,2024-11-27,16
2024-11-27 17:00:00,0.0,0.0,2024-11-27,17
2024-11-27 18:00:00,0.0,0.0,2024-11-27,18
2024-11-27 19:00:00,0.0,0.0,2024-11-27,19
2024-11-27 20:00:00,0.0,0.0,2024-11-27,20
2024-11-27 21:00:00,0.0,0.0,2024-11-27,21
2024-11-27 22:00:00,0.0,0.0,2024-11-27,22
2024-11-27 23:00:00,0.0,0.0,2024-11-27,23
2024-11-28 00:00:00,0.0,0.0,2024-11-28,0
2024-11-28 01:00:00,0.0,0.0,2024-11-28,1
2024-11-28 02:00:00,0.0,0.0,2024-11-28,2
2024-11-28 03:00:00,0.0,0.0,2024-11-28,3
2024-11-28 04:00:00,0.0,0.0,2024-11-28,4
2024-11-28 05:00:00,0.0,0.0,2024-11-28,5
2024-11-28 06:00:00,0.05959164,0.09419186,2024-11-28,6
2024-11-28 07:00:00,0.09697591,0.09588864,2024-11-28,7
2024-11-28 08:00:00,0.08711641,0.0851422,2024-11-28,8
2024-11-28 09:00:00,0.2475466,0.2460624,2024-11-28,9
2024-11-28 10:00:00,0.3634697,0.3748279,2024-11-28,10
2024-11-28 11:00:00,0.5945892,0.7166868,2024-11-28,11
2024-11-28 12:00:00,0.2852113,0.2837256,2024-11-28,12
2024-11-28 13:00:00,0.1731106,0.1696808,2024-11-28,13
2024-11-28 14:00:00,0.1016432,0.09952486,2024-11-28,14
2024-11-28 15:00:00,0.1145733,0.1166375,2024-11-28,15
2024-11-28 16:00:00,0.03538143,0.04863401,2024-11-28,16
2024-11-28 17:00:00,0.0,0.0,2024-11-28,17
2024-11-28 18:00:00,0.0,0.0,2024-11-28,18
2024-11-28 19:00:00,0.0,0.0,2024-11-28,19
2024-11-28 20:00:00,0.0,0.0,2024-11-28,20
2024-11-28 21:00:00,0.0,0.0,2024-11-28,21
2024-11-28 22:00:00,0.0,0.0,2024-11-28,22
2024-11-28 23:00:00,0.0,0.0,2024-11-28,23
2024-11-29 00:00:00,0.0,0.0,2024-11-29,0
2024-11-29 01:00:00,0.0,0.0,2024-11-29,1
2024-11-29 02:00:00,0.0,0.0,2024-11-29,2
2024-11-29 03:00:00,0.0,0.0,2024-11-29,3
2024-11-29 04:00:00,0.0,0.0,2024-11-29,4
2024-11-29 05:00:00,0.0,0.0,2024-11-29,5
2024-11-29 06:00:00,0.05465531,0.08086782,2024-11-29,6
2024-11-29 07:00:00,0.05920284,0.05806817,2024-11-29,7
2024-11-29 08:00:00,0.1983107,0.1987304,2024-11-29,8
2024-11-29 09:00:00,0.4699909,0.5628043,2024-11-29,9
2024-11-29 10:00:00,0.4890296,0.5561516,2024-11-29,10
2024-11-29 11:00:00,0.2331242,0.2286778,2024-11-29,11
2024-11-29 12:00:00,0.3929462,0.4152572,2024-11-29,12
2024-11-29 13:00:00,0.3376639,0.3583369,2024-11-29,13
2024-11-29 14:00:00,0.2445899,0.2592573,2024-11-29,14
2024-11-29 15:00:00,0.0903262,0.08953607,2024-11-29,15
2024-11-29 16:00:00,0.01967269,0.02021888,2024-11-29,16
2024-11-29 17:00:00,0.0,0.0,2024-11-29,17
2024-11-29 18:00:00,0.0,0.0,2024-11-29,18
2024-11-29 19:00:00,0.0,0.0,2024-11-29,19
2024-11-29 20:00:00,0.0,0.0,2024-11-29,20
2024-11-29 21:00:00,0.0,0.0,2024-11-29,21
2024-11-29 22:00:00,0.0,0.0,2024-11-29,22
2024-11-29 23:00:00,0.0,0.0,2024-11-29,23
2024-11-30 00:00:00,0.0,0.0,2024-11-30,0
2024-11-30 01:00:00,0.0,0.0,2024-11-30,1
2024-11-30 02:00:00,0.0,0.0,2024-11-30,2
2024-11-30 03:00:00,0.0,0.0,2024-11-30,3
2024-11-30 04:00:00,0.0,0.0,2024-11-30,4
2024-11-30 05:00:00,0.0,0.0,2024-11-30,5
2024-11-30 06:00:00,0.04291074,0.05141089,2024-11-30,6
2024-11-30 07:00:00,0.1803281,0.210587,2024-11-30,7
2024-11-30 08:00:00,0.3844338,0.4907277,2024-11-30,8
2024-11-30 09:00:00,0.5290843,0.6675419,2024-11-30,9
2024-11-30 10:00:00,0.7252357,0.9380841,2024-11-30,10
2024-11-30 11:00:00,0.761301,0.9799244,2024-11-30,11
2024-11-30 12:00:00,0.6997296,0.9036117,2024-11-30,12
2024-11-30 13:00:00,0.7058001,0.941855,2024-11-30,13
2024-11-30 14:00:00,0.5020009,0.7062075,2024-11-30,14
2024-11-30 15:00:00,0.2982748,0.4824587,2024-11-30,15
2024-11-30 16:00:00,0.07249513,0.2411941,2024-11-30,16
2024-11-30 17:00:00,0.0,0.0,2024-11-30,17
2024-11-30 18:00:00,0.0,0.0,2024-11-30,18
2024-11-30 19:00:00,0.0,0.0,2024-11-30,19
2024-11-30 20:00:00,0.0,0.0,2024-11-30,20
2024-11-30 21:00:00,0.0,0.0,2024-11-30,21
2024-11-30 22:00:00,0.0,0.0,2024-11-30,22
2024-11-30 23:00:00,0.0,0.0,2024-11-30,23
2024-12-01 00:00:00,0.0,0.0,2024-12-01,0
2024-12-01 01:00:00,0.0,0.0,2024-12-01,1
2024-12-01 02:00:00,0.0,0.0,2024-12-01,2
2024-12-01 03:00:00,0.0,0.0,2024-12-01,3
2024-12-01 04:00:00,0.0,0.0,2024-12-01,4
2024-12-01 05:00:00,0.0,0.0,2024-12-01,5
2024-12-01 06:00:00,0.04786617,0.06551955,2024-12-01,6
2024-12-01 07:00:00,0.2241136,0.3040765,2024-12-01,7
2024-12-01 08:00:00,0.5051234,0.7052532,2024-12-01,8
2024-12-01 09:00:00,0.7249207,0.9656561,2024-12-01,9
2024-12-01 10:00:00,0.6456288,0.8188146,2024-12-01,10
2024-12-01 11:00:00,0.8769487,1.135968,2024-12-01,11
2024-12-01 12:00:00,0.8031157,1.046852,2024-12-01,12
2024-12-01 13:00:00,0.7112417,0.9507205,2024-12-01,13
2024-12-01 14:00:00,0.5709267,0.8084055,2024-12-01,14
2024-12-01 15:00:00,0.3061229,0.4967813,2024-12-01,15
2024-12-01 16:00:00,0.05904174,0.1688728,2024-12-01,16
2024-12-01 17:00:00,0.0,0.0,2024-12-01,17
2024-12-01 18:00:00,0.0,0.0,2024-12-01,18
2024-12-01 19:00:00,0.0,0.0,2024-12-01,19
2024-12-01 20:00:00,0.0,0.0,2024-12-01,20
2024-12-01 21:00:00,0.0,0.0,2024-12-01,21
2024-12-01 22:00:00,0.0,0.0,2024-12-01,22
2024-12-01 23:00:00,0.0,0.0,2024-12-01,23
2024-12-02 00:00:00,0.0,0.0,2024-12-02,0
2024-12-02 01:00:00,0.0,0.0,2024-12-02,1
2024-12-02 02:00:00,0.0,0.0,2024-12-02,2
2024-12-02 03:00:00,0.0,0.0,2024-12-02,3
2024-12-02 04:00:00,0.0,0.0,2024-12-02,4
2024-12-02 05:00:00,0.0,0.0,2024-12-02,5
2024-12-02 06:00:00,0.09727634,0.2774553,2024-12-02,6
2024-12-02 07:00:00,0.1517196,0.1645162,2024-12-02,7
2024-12-02 08:00:00,0.4201269,0.5627768,2024-12-02,8
2024-12-02 09:00:00,0.5443434,0.6976081,2024-12-02,9
2024-12-02 10:00:00,0.4743824,0.5359208,2024-12-02,10
2024-12-02 11:00:00,0.5101624,0.5823631,2024-12-02,11
2024-12-02 12:00:00,0.5311766,0.6315446,2024-12-02,12
2024-12-02 13:00:00,0.4131401,0.4751619,2024-12-02,13
2024-12-02 14:00:00,0.168743,0.167313,2024-12-02,14
2024-12-02 15:00:00,0.1002468,0.1001973,2024-12-02,15
2024-12-02 16:00:00,0.03682584,0.05283157,2024-12-02,16
2024-12-02 17:00:00,0.0,0.0,2024-12-02,17
2024-12-02 18:00:00,0.0,0.0,2024-12-02,18
2024-12-02 19:00:00,0.0,0.0,2024-12-02,19
2024-12-02 20:00:00,0.0,0.0,2024-12-02,20
2024-12-02 21:00:00,0.0,0.0,2024-12-02,21
2024-12-02 22:00:00,0.0,0.0,2024-12-02,22
2024-12-02 23:00:00,0.0,0.0,2024-12-02,23
2024-12-03 00:00:00,0.0,0.0,2024-12-03,0
2024-12-03 01:00:00,0.0,0.0,2024-12-03,1
2024-12-03 02:00:00,0.0,0.0,2024-12-03,2
2024-12-03 03:00:00,0.0,0.0,2024-12-03,3
2024-12-03 04:00:00,0.0,0.0,2024-12-03,4
2024-12-03 05:00:00,0.0,0.0,2024-12-03,5
2024-12-03 06:00:00,0.06809071,0.162236,2024-12-03,6
2024-12-03 07:00:00,0.3026423,0.4819666,2024-12-03,7
2024-12-03 08:00:00,0.3383787,0.409592,2024-12-03,8
2024-12-03 09:00:00,0.4627672,0.5564255,2024-12-03,9
2024-12-03 10:00:00,0.4019979,0.4283157,2024-12-03,10
2024-12-03 11:00:00,0.5325711,0.619728,2024-12-03,11
2024-12-03 12:00:00,0.6415304,0.8175989,2024-12-03,12
2024-12-03 13:00:00,0.5199332,0.6620904,2024-12-03,13
2024-12-03 14:00:00,0.2310456,0.2413416,2024-12-03,14
2024-12-03 15:00:00,0.2248564,0.3266832,2024-12-03,15
2024-12-03 16:00:00,0.05416302,0.1370841,2024-12-03,16
2024-12-03 17:00:00,0.0,0.0,2024-12-03,17
2024-12-03 18:00:00,0.0,0.0,2024-12-03,18
2024-12-03 19:00:00,0.0,0.0,2024-12-03,19
2024-12-03 20:00:00,0.0,0.0,2024-12-03,20
2024-12-03 21:00:00,0.0,0.0,2024-12-03,21
2024-12-03 22:00:00,0.0,0.0,2024-12-03,22
2024-12-03 23:00:00,0.0,0.0,2024-12-03,23
2024-12-04 00:00:00,0.0,0.0,2024-12-04,0
2024-12-04 01:00:00,0.0,0.0,2024-12-04,1
2024-12-04 02:00:00,0.0,0.0,2024-12-04,2
2024-12-04 03:00:00,0.0,0.0,2024-12-04,3
2024-12-04 04:00:00,0.0,0.0,2024-12-04,4
2024-12-04 05:00:00,0.0,0.0,2024-12-04,5
2024-12-04 06:00:00,0.08253399,0.2404737,2024-12-04,6
2024-12-04 07:00:00,0.2351041,0.3381432,2024-12-04,7
2024-12-04 08:00:00,0.3887601,0.5074089,2024-12-04,8
2024-12-04 09:00:00,0.5533465,0.7165433,2024-12-04,9
2024-12-04 10:00:00,0.3920649,0.4150384,2024-12-04,10
2024-12-04 11:00:00,0.3884767,0.4049622,2024-12-04,11
2024-12-04 12:00:00,0.318716,0.3222961,2024-12-04,12
2024-12-04 13:00:00,0.06543928,0.0637561,2024-12-04,13
2024-12-04 14:00:00,0.1378687,0.1355114,2024-12-04,14
2024-12-04 15:00:00,0.1107459,0.1121944,2024-12-04,15
2024-12-04 16:00:00,0.01320494,0.01329174,2024-12-04,16
2024-12-04 17:00:00,0.0,0.0,2024-12-04,17
2024-12-04 18:00:00,0.0,0.0,2024-12-04,18
2024-12-04 19:00:00,0.0,0.0,2024-12-04,19
2024-12-04 20:00:00,0.0,0.0,2024-12-04,20
2024-12-04 21:00:00,0.0,0.0,2024-12-04,21
2024-12-04 22:00:00,0.0,0.0,2024-12-04,22
2024-12-04 23:00:00,0.0,0.0,2024-12-04,23
2024-12-05 00:00:00,0.0,0.0,2024-12-05,0
2024-12-05 01:00:00,0.0,0.0,2024-12-05,1
2024-12-05 02:00:00,0.0,0.0,2024-12-05,2
2024-12-05 03:00:00,0.0,0.0,2024-12-05,3
2024-12-05 04:00:00,0.0,0.0,2024-12-05,4
2024-12-05 05:00:00,0.0,0.0,2024-12-05,5
2024-12-05 06:00:00,0.06179193,0.1438534,2024-12-05,6
2024-12-05 07:00:00,0.116437,0.1181402,2024-12-05,7
2024-12-05 08:00:00,0.4276329,0.5832414,2024-12-05,8
2024-12-05 09:00:00,0.5822209,0.7662026,2024-12-05,9
2024-12-05 10:00:00,0.6791246,0.8775426,2024-12-05,10
2024-12-05 11:00:00,0.6815879,0.8684667,2024-12-05,11
2024-12-05 12:00:00,0.6257516,0.7940739,2024-12-05,12
2024-12-05 13:00:00,0.5251579,0.6729022,2024-12-05,13
2024-12-05 14:00:00,0.4774316,0.6739606,2024-12-05,14
2024-12-05 15:00:00,0.2145803,0.3021779,2024-12-05,15
2024-12-05 16:00:00,0.0626548,0.1866391,2024-12-05,16
2024-12-05 17:00:00,0.0,0.0,2024-12-05,17
2024-12-05 18:00:00,0.0,0.0,2024-12-05,18
2024-12-05 19:00:00,0.0,0.0,2024-12-05,19
2024-12-05 20:00:00,0.0,0.0,2024-12-05,20
2024-12-05 21:00:00,0.0,0.0,2024-12-05,21
2024-12-05 22:00:00,0.0,0.0,2024-12-05,22
2024-12-05 23:00:00,0.0,0.0,2024-12-05,23
2024-12-06 00:00:00,0.0,0.0,2024-12-06,0
2024-12-06 01:00:00,0.0,0.0,2024-12-06,1
2024-12-06 02:00:00,0.0,0.0,2024-12-06,2
2024-12-06 03:00:00,0.0,0.0,2024-12-06,3
2024-12-06 04:00:00,0.0,0.0,2024-12-06,4
2024-12-06 05:00:00,0.0,0.0,2024-12-06,5
2024-12-06 06:00:00,0.05573614,0.118291,2024-12-06,6
2024-12-06 07:00:00,0.1917146,0.243233,2024-12-06,7
2024-12-06 08:00:00,0.2532218,0.2712136,2024-12-06,8
2024-12-06 09:00:00,0.3879599,0.434305,2024-12-06,9
2024-12-06 10:00:00,0.5271644,0.6269754,2024-12-06,10
2024-12-06 11:00:00,0.4822705,0.5410931,2024-12-06,11
2024-12-06 12:00:00,0.336667,0.3440934,2024-12-06,12
2024-12-06 13:00:00,0.2293315,0.2273656,2024-12-06,13
2024-12-06 14:00:00,0.3165776,0.3773093,2024-12-06,14
2024-12-06 15:00:00,0.2355887,0.3530386,2024-12-06,15
2024-12-06 16:00:00,0.02838189,0.0316208,2024-12-06,16
2024-12-06 17:00:00,0.0,0.0,2024-12-06,17
2024-12-06 18:00:00,0.0,0.0,2024-12-06,18
2024-12-06 19:00:00,0.0,0.0,2024-12-06,19
2024-12-06 20:00:00,0.0,0.0,2024-12-06,20
2024-12-06 21:00:00,0.0,0.0,2024-12-06,21
2024-12-06 22:00:00,0.0,0.0,2024-12-06,22
2024-12-06 23:00:00,0.0,0.0,2024-12-06,23
2024-12-07 00:00:00,0.0,0.0,2024-12-07,0
2024-12-07 01:00:00,0.0,0.0,2024-12-07,1
2024-12-07 02:00:00,0.0,0.0,2024-12-07,2
2024-12-07 03:00:00,0.0,0.0,2024-12-07,3
2024-12-07 04:00:00,0.0,0.0,2024-12-07,4
2024-12-07 05:00:00,0.0,0.0,2024-12-07,5
2024-12-07 06:00:00,0.06303227,0.1667563,2024-12-07,6
2024-12-07 07:00:00,0.2653891,0.4174972,2024-12-07,7
2024-12-07 08:00:00,0.4213387,0.575635,2024-12-07,8
2024-12-07 09:00:00,0.6829571,0.9170442,2024-12-07,9
2024-12-07 10:00:00,0.722733,0.944307,2024-12-07,10
2024-12-07 11:00:00,0.7582007,0.9843321,2024-12-07,11
2024-12-07 12:00:00,0.7917907,1.038538,2024-12-07,12
2024-12-07 13:00:00,0.6488281,0.8706481,2024-12-07,13
2024-12-07 14:00:00,0.5370166,0.7642118,2024-12-07,14
2024-12-07 15:00:00,0.2498681,0.3869672,2024-12-07,15
2024-12-07 16:00:00,0.06534637,0.1983526,2024-12-07,16
2024-12-07 17:00:00,0.0,0.0,2024-12-07,17
2024-12-07 18:00:00,0.0,0.0,2024-12-07,18
2024-12-07 19:00:00,0.0,0.0,2024-12-07,19
2024-12-07 20:00:00,0.0,0.0,2024-12-07,20
2024-12-07 21:00:00,0.0,0.0,2024-12-07,21
2024-12-07 22:00:00,0.0,0.0,2024-12-07,22
2024-12-07 23:00:00,0.0,0.0,2024-12-07,23
2024-12-08 00:00:00,0.0,0.0,2024-12-08,0
2024-12-08 01:00:00,0.0,0.0,2024-12-08,1
2024-12-08 02:00:00,0.0,0.0,2024-12-08,2
2024-12-08 03:00:00,0.0,0.0,2024-12-08,3
2024-12-08 04:00:00,0.0,0.0,2024-12-08,4
2024-12-08 05:00:00,0.0,0.0,2024-12-08,5
2024-12-08 06:00:00,0.04272849,0.06787133,2024-12-08,6
2024-12-08 07:00:00,0.2946244,0.4797091,2024-12-08,7
2024-12-08 08:00:00,0.4357578,0.6040525,2024-12-08,8
2024-12-08 09:00:00,0.6309586,0.8456672,2024-12-08,9
2024-12-08 10:00:00,0.5861826,0.7300428,2024-12-08,10
2024-12-08 11:00:00,0.6501418,0.8212882,2024-12-08,11
2024-12-08 12:00:00,0.7046272,0.9196399,2024-12-08,12
2024-12-08 13:00:00,0.6848251,0.9212679,2024-12-08,13
2024-12-08 14:00:00,0.5297269,0.7540573,2024-12-08,14
2024-12-08 15:00:00,0.2987848,0.4884795,2024-12-08,15
2024-12-08 16:00:00,0.06443031,0.1904934,2024-12-08,16
2024-12-08 17:00:00,0.0,0.0,2024-12-08,17
2024-12-08 18:00:00,0.0,0.0,2024-12-08,18
2024-12-08 19:00:00,0.0,0.0,2024-12-08,19
2024-12-08 20:00:00,0.0,0.0,2024-12-08,20
2024-12-08 21:00:00,0.0,0.0,2024-12-08,21
2024-12-08 22:00:00,0.0,0.0,2024-12-08,22
2024-12-08 23:00:00,0.0,0.0,2024-12-08,23
2024-12-09 00:00:00,0.0,0.0,2024-12-09,0
2024-12-09 01:00:00,0.0,0.0,2024-12-09,1
2024-12-09 02:00:00,0.0,0.0,2024-12-09,2
2024-12-09 03:00:00,0.0,0.0,2024-12-09,3
2024-12-09 04:00:00,0.0,0.0,2024-12-09,4
2024-12-09 05:00:00,0.0,0.0,2024-12-09,5
2024-12-09 06:00:00,0.03512459,0.04566979,2024-12-09,6
2024-12-09 07:00:00,0.1887645,0.2424565,2024-12-09,7
2024-12-09 08:00:00,0.3974091,0.5339305,2024-12-09,8
2024-12-09 09:00:00,0.5632198,0.7410269,2024-12-09,9
2024-12-09 10:00:00,0.5377476,0.6481049,2024-12-09,10
2024-12-09 11:00:00,0.664501,0.8455079,2024-12-09,11
2024-12-09 12:00:00,0.6937474,0.9043847,2024-12-09,12
2024-12-09 13:00:00,0.6405583,0.8604295,2024-12-09,13
2024-12-09 14:00:00,0.5344375,0.7615524,2024-12-09,14
2024-12-09 15:00:00,0.2843002,0.4614562,2024-12-09,15
2024-12-09 16:00:00,0.03494227,0.04439416,2024-12-09,16
2024-12-09 17:00:00,0.0,0.0,2024-12-09,17
2024-12-09 18:00:00,0.0,0.0,2024-12-09,18
2024-12-09 19:00:00,0.0,0.0,2024-12-09,19
2024-12-09 20:00:00,0.0,0.0,2024-12-09,20
2024-12-09 21:00:00,0.0,0.0,2024-12-09,21
2024-12-09 22:00:00,0.0,0.0,2024-12-09,22
2024-12-09 23:00:00,0.0,0.0,2024-12-09,23
2024-12-10 00:00:00,0.0,0.0,2024-12-10,0
2024-12-10 01:00:00,0.0,0.0,2024-12-10,1
2024-12-10 02:00:00,0.0,0.0,2024-12-10,2
2024-12-10 03:00:00,0.0,0.0,2024-12-10,3
2024-12-10 04:00:00,0.0,0.0,2024-12-10,4
2024-12-10 05:00:00,0.0,0.0,2024-12-10,5
2024-12-10 06:00:00,0.04883239,0.105803,2024-12-10,6
2024-12-10 07:00:00,0.1836064,0.2329691,2024-12-10,7
2024-12-10 08:00:00,0.4290217,0.5954515,2024-12-10,8
2024-12-10 09:00:00,0.3726265,0.4132,2024-12-10,9
2024-12-10 10:00:00,0.5744511,0.7121537,2024-12-10,10
2024-12-10 11:00:00,0.355882,0.3647301,2024-12-10,11
2024-12-10 12:00:00,0.2883256,0.28797,2024-12-10,12
2024-12-10 13:00:00,0.2685415,0.2713524,2024-12-10,13
2024-12-10 14:00:00,0.2707728,0.2994087,2024-12-10,14
2024-12-10 15:00:00,0.2592316,0.4078361,2024-12-10,15
2024-12-10 16:00:00,0.04953337,0.09851668,2024-12-10,16
2024-12-10 17:00:00,0.0,0.0,2024-12-10,17
2024-12-10 18:00:00,0.0,0.0,2024-12-10,18
2024-12-10 19:00:00,0.0,0.0,2024-12-10,19
2024-12-10 20:00:00,0.0,0.0,2024-12-10,20
2024-12-10 21:00:00,0.0,0.0,2024-12-10,21
2024-12-10 22:00:00,0.0,0.0,2024-12-10,22
2024-12-10 23:00:00,0.0,0.0,2024-12-10,23
2024-12-11 00:00:00,0.0,0.0,2024-12-11,0
2024-12-11 01:00:00,0.0,0.0,2024-12-11,1
2024-12-11 02:00:00,0.0,0.0,2024-12-11,2
2024-12-11 03:00:00,0.0,0.0,2024-12-11,3
2024-12-11 04:00:00,0.0,0.0,2024-12-11,4
2024-12-11 05:00:00,0.0,0.0,2024-12-11,5
2024-12-11 06:00:00,0.06348285,0.2048636,2024-12-11,6
2024-12-11 07:00:00,0.08139811,0.08047526,2024-12-11,7
2024-12-11 08:00:00,0.1096891,0.107552,2024-12-11,8
2024-12-11 09:00:00,0.1046827,0.1022356,2024-12-11,9
2024-12-11 10:00:00,0.115955,0.1131678,2024-12-11,10
2024-12-11 11:00:00,0.3074248,0.3077021,2024-12-11,11
2024-12-11 12:00:00,0.09292064,0.09058708,2024-12-11,12
2024-12-11 13:00:00,0.08063152,0.07863111,2024-12-11,13
2024-12-11 14:00:00,0.03056572,0.02975057,2024-12-11,14
2024-12-11 15:00:00,0.00447037,0.004343675,2024-12-11,15
2024-12-11 16:00:00,0.01210487,0.01210218,2024-12-11,16
2024-12-11 17:00:00,0.0,0.0,2024-12-11,17
2024-12-11 18:00:00,0.0,0.0,2024-12-11,18
2024-12-11 19:00:00,0.0,0.0,2024-12-11,19
2024-12-11 20:00:00,0.0,0.0,2024-12-11,20
2024-12-11 21:00:00,0.0,0.0,2024-12-11,21
2024-12-11 22:00:00,0.0,0.0,2024-12-11,22
2024-12-11 23:00:00,0.0,0.0,2024-12-11,23
2024-12-12 00:00:00,0.0,0.0,2024-12-12,0
2024-12-12 01:00:00,0.0,0.0,2024-12-12,1
2024-12-12 02:00:00,0.0,0.0,2024-12-12,2
2024-12-12 03:00:00,0.0,0.0,2024-12-12,3
2024-12-12 04:00:00,0.0,0.0,2024-12-12,4
2024-12-12 05:00:00,0.0,0.0,2024-12-12,5
2024-12-12 06:00:00,0.04185538,0.0792546,2024-12-12,6
2024-12-12 07:00:00,0.2608384,0.4209787,2024-12-12,7
2024-12-12 08:00:00,0.4947474,0.7072803,2024-12-12,8
2024-12-12 09:00:00,0.5656626,0.7489572,2024-12-12,9
2024-12-12 10:00:00,0.6594218,0.8549636,2024-12-12,10
2024-12-12 11:00:00,0.7088246,0.9170616,2024-12-12,11
2024-12-12 12:00:00,0.6673776,0.8660621,2024-12-12,12
2024-12-12 13:00:00,0.4604704,0.5606449,2024-12-12,13
2024-12-12 14:00:00,0.4446248,0.6214846,2024-12-12,14
2024-12-12 15:00:00,0.2768345,0.4454255,2024-12-12,15
2024-12-12 16:00:00,0.06461874,0.178453,2024-12-12,16
2024-12-12 17:00:00,0.0,0.0,2024-12-12,17
2024-12-12 18:00:00,0.0,0.0,2024-12-12,18
2024-12-12 19:00:00,0.0,0.0,2024-12-12,19
2024-12-12 20:00:00,0.0,0.0,2024-12-12,20
2024-12-12 21:00:00,0.0,0.0,2024-12-12,21
2024-12-12 22:00:00,0.0,0.0,2024-12-12,22
2024-12-12 23:00:00,0.0,0.0,2024-12-12,23
2024-12-13 00:00:00,0.0,0.0,2024-12-13,0
2024-12-13 01:00:00,0.0,0.0,2024-12-13,1
2024-12-13 02:00:00,0.0,0.0,2024-12-13,2
2024-12-13 03:00:00,0.0,0.0,2024-12-13,3
2024-12-13 04:00:00,0.0,0.0,2024-12-13,4
2024-12-13 05:00:00,0.0,0.0,2024-12-13,5
2024-12-13 06:00:00,0.04619573,0.1091158,2024-12-13,6
2024-12-13 07:00:00,0.1965962,0.268344,2024-12-13,7
2024-12-13 08:00:00,0.4810515,0.6879325,2024-12-13,8
2024-12-13 09:00:00,0.6885883,0.9317325,2024-12-13,9
2024-12-13 10:00:00,0.7912173,1.04317,2024-12-13,10
2024-12-13 11:00:00,0.8231612,1.07667,2024-12-13,11
2024-12-13 12:00:00,0.5497666,0.6702685,2024-12-13,12
2024-12-13 13:00:00,0.4095688,0.4722861,2024-12-13,13
2024-12-13 14:00:00,0.3956123,0.5295261,2024-12-13,14
2024-12-13 15:00:00,0.2274625,0.3300349,2024-12-13,15
2024-12-13 16:00:00,0.05525578,0.1207667,2024-12-13,16
2024-12-13 17:00:00,0.0,0.0,2024-12-13,17
2024-12-13 18:00:00,0.0,0.0,2024-12-13,18
2024-12-13 19:00:00,0.0,0.0,2024-12-13,19
2024-12-13 20:00:00,0.0,0.0,2024-12-13,20
2024-12-13 21:00:00,0.0,0.0,2024-12-13,21
2024-12-13 22:00:00,0.0,0.0,2024-12-13,22
2024-12-13 23:00:00,0.0,0.0,2024-12-13,23
2024-12-14 00:00:00,0.0,0.0,2024-12-14,0
2024-12-14 01:00:00,0.0,0.0,2024-12-14,1
2024-12-14 02:00:00,0.0,0.0,2024-12-14,2
2024-12-14 03:00:00,0.0,0.0,2024-12-14,3
2024-12-14 04:00:00,0.0,0.0,2024-12-14,4
2024-12-14 05:00:00,0.0,0.0,2024-12-14,5
2024-12-14 06:00:00,0.04151693,0.08702522,2024-12-14,6
2024-12-14 07:00:00,0.1704638,0.2110936,2024-12-14,7
2024-12-14 08:00:00,0.4123473,0.5709761,2024-12-14,8
2024-12-14 09:00:00,0.5193689,0.6716607,2024-12-14,9
2024-12-14 10:00:00,0.731527,0.9628237,2024-12-14,10
2024-12-14 11:00:00,0.7683813,1.003516,2024-12-14,11
2024-12-14 12:00:00,0.6362247,0.8171368,2024-12-14,12
2024-12-14 13:00:00,0.6101009,0.8174555,2024-12-14,13
2024-12-14 14:00:00,0.4637011,0.6543328,2024-12-14,14
2024-12-14 15:00:00,0.3051865,0.4991173,2024-12-14,15
2024-12-14 16:00:00,0.08944354,0.2834044,2024-12-14,16
2024-12-14 17:00:00,0.0,0.0,2024-12-14,17
2024-12-14 18:00:00,0.0,0.0,2024-12-14,18
2024-12-14 19:00:00,0.0,0.0,2024-12-14,19
2024-12-14 20:00:00,0.0,0.0,2024-12-14,20
2024-12-14 21:00:00,0.0,0.0,2024-12-14,21
2024-12-14 22:00:00,0.0,0.0,2024-12-14,22
2024-12-14 23:00:00,0.0,0.0,2024-12-14,23
2024-12-15 00:00:00,0.0,0.0,2024-12-15,0
2024-12-15 01:00:00,0.0,0.0,2024-12-15,1
2024-12-15 02:00:00,0.0,0.0,2024-12-15,2
2024-12-15 03:00:00,0.0,0.0,2024-12-15,3
2024-12-15 04:00:00,0.0,0.0,2024-12-15,4
2024-12-15 05:00:00,0.0,0.0,2024-12-15,5
2024-12-15 06:00:00,0.07051104,0.2732637,2024-12-15,6
2024-12-15 07:00:00,0.2761373,0.4596283,2024-12-15,7
2024-12-15 08:00:00,0.4830822,0.69326,2024-12-15,8
2024-12-15 09:00:00,0.6446255,0.8719426,2024-12-15,9
2024-12-15 10:00:00,0.7447959,0.9813952,2024-12-15,10
2024-12-15 11:00:00,0.7718841,1.008686,2024-12-15,11
2024-12-15 12:00:00,0.6249402,0.7988422,2024-12-15,12
2024-12-15 13:00:00,0.5051031,0.6407014,2024-12-15,13
2024-12-15 14:00:00,0.4541788,0.6378278,2024-12-15,14
2024-12-15 15:00:00,0.2860547,0.4624315,2024-12-15,15
2024-12-15 16:00:00,0.05403217,0.1080508,2024-12-15,16
2024-12-15 17:00:00,0.0,0.0,2024-12-15,17
2024-12-15 18:00:00,0.0,0.0,2024-12-15,18
2024-12-15 19:00:00,0.0,0.0,2024-12-15,19
2024-12-15 20:00:00,0.0,0.0,2024-12-15,20
2024-12-15 21:00:00,0.0,0.0,2024-12-15,21
2024-12-15 22:00:00,0.0,0.0,2024-12-15,22
2024-12-15 23:00:00,0.0,0.0,2024-12-15,23
2024-12-16 00:00:00,0.0,0.0,2024-12-16,0
2024-12-16 01:00:00,0.0,0.0,2024-12-16,1
2024-12-16 02:00:00,0.0,0.0,2024-12-16,2
2024-12-16 03:00:00,0.0,0.0,2024-12-16,3
2024-12-16 04:00:00,0.0,0.0,2024-12-16,4
2024-12-16 05:00:00,0.0,0.0,2024-12-16,5
2024-12-16 06:00:00,0.05825527,0.2188793,2024-12-16,6
2024-12-16 07:00:00,0.2789907,0.4669515,2024-12-16,7
2024-12-16 08:00:00,0.4172882,0.5830722,2024-12-16,8
2024-12-16 09:00:00,0.3398872,0.3667278,2024-12-16,9
2024-12-16 10:00:00,0.6315045,0.8131919,2024-12-16,10
2024-12-16 11:00:00,0.4091641,0.4356935,2024-12-16,11
2024-12-16 12:00:00,0.6093539,0.7729772,2024-12-16,12
2024-12-16 13:00:00,0.4082547,0.4698439,2024-12-16,13
2024-12-16 14:00:00,0.4214441,0.5780233,2024-12-16,14
2024-12-16 15:00:00,0.2964336,0.4819603,2024-12-16,15
2024-12-16 16:00:00,0.06626622,0.1708739,2024-12-16,16
2024-12-16 17:00:00,0.0,0.0,2024-12-16,17
2024-12-16 18:00:00,0.0,0.0,2024-12-16,18
2024-12-16 19:00:00,0.0,0.0,2024-12-16,19
2024-12-16 20:00:00,0.0,0.0,2024-12-16,20
2024-12-16 21:00:00,0.0,0.0,2024-12-16,21
2024-12-16 22:00:00,0.0,0.0,2024-12-16,22
2024-12-16 23:00:00,0.0,0.0,2024-12-16,23
2024-12-17 00:00:00,0.0,0.0,2024-12-17,0
2024-12-17 01:00:00,0.0,0.0,2024-12-17,1
2024-12-17 02:00:00,0.0,0.0,2024-12-17,2
2024-12-17 03:00:00,0.0,0.0,2024-12-17,3
2024-12-17 04:00:00,0.0,0.0,2024-12-17,4
2024-12-17 05:00:00,0.0,0.0,2024-12-17,5
2024-12-17 06:00:00,0.055531,0.2100531,2024-12-17,6
2024-12-17 07:00:00,0.265569,0.4422244,2024-12-17,7
2024-12-17 08:00:00,0.4325743,0.6122124,2024-12-17,8
2024-12-17 09:00:00,0.4734389,0.5918808,2024-12-17,9
2024-12-17 10:00:00,0.6392743,0.8263993,2024-12-17,10
2024-12-17 11:00:00,0.4061745,0.4316308,2024-12-17,11
2024-12-17 12:00:00,0.3675165,0.3842855,2024-12-17,12
2024-12-17 13:00:00,0.5008535,0.6327398,2024-12-17,13
2024-12-17 14:00:00,0.2869458,0.3242084,2024-12-17,14
2024-12-17 15:00:00,0.1531812,0.1697004,2024-12-17,15
2024-12-17 16:00:00,0.04385325,0.06206718,2024-12-17,16
2024-12-17 17:00:00,0.0,0.0,2024-12-17,17
2024-12-17 18:00:00,0.0,0.0,2024-12-17,18
2024-12-17 19:00:00,0.0,0.0,2024-12-17,19
2024-12-17 20:00:00,0.0,0.0,2024-12-17,20
2024-12-17 21:00:00,0.0,0.0,2024-12-17,21
2024-12-17 22:00:00,0.0,0.0,2024-12-17,22
2024-12-17 23:00:00,0.0,0.0,2024-12-17,23
2024-12-18 00:00:00,0.0,0.0,2024-12-18,0
2024-12-18 01:00:00,0.0,0.0,2024-12-18,1
2024-12-18 02:00:00,0.0,0.0,2024-12-18,2
2024-12-18 03:00:00,0.0,0.0,2024-12-18,3
2024-12-18 04:00:00,0.0,0.0,2024-12-18,4
2024-12-18 05:00:00,0.0,0.0,2024-12-18,5
2024-12-18 06:00:00,0.05438573,0.2116631,2024-12-18,6
2024-12-18 07:00:00,0.2923147,0.4939249,2024-12-18,7
2024-12-18 08:00:00,0.4996041,0.7206183,2024-12-18,8
2024-12-18 09:00:00,0.5998636,0.8089598,2024-12-18,9
2024-12-18 10:00:00,0.6537077,0.849973,2024-12-18,10
2024-12-18 11:00:00,0.5917572,0.7292158,2024-12-18,11
2024-12-18 12:00:00,0.6054465,0.7664695,2024-12-18,12
2024-12-18 13:00:00,0.6231446,0.8371951,2024-12-18,13
2024-12-18 14:00:00,0.5384664,0.768249,2024-12-18,14
2024-12-18 15:00:00,0.2789476,0.4446285,2024-12-18,15
2024-12-18 16:00:00,0.06136912,0.1348352,2024-12-18,16
2024-12-18 17:00:00,0.0,0.0,2024-12-18,17
2024-12-18 18:00:00,0.0,0.0,2024-12-18,18
2024-12-18 19:00:00,0.0,0.0,2024-12-18,19
2024-12-18 20:00:00,0.0,0.0,2024-12-18,20
2024-12-18 21:00:00,0.0,0.0,2024-12-18,21
2024-12-18 22:00:00,0.0,0.0,2024-12-18,22
2024-12-18 23:00:00,0.0,0.0,2024-12-18,23
2024-12-19 00:00:00,0.0,0.0,2024-12-19,0
2024-12-19 01:00:00,0.0,0.0,2024-12-19,1
2024-12-19 02:00:00,0.0,0.0,2024-12-19,2
2024-12-19 03:00:00,0.0,0.0,2024-12-19,3
2024-12-19 04:00:00,0.0,0.0,2024-12-19,4
2024-12-19 05:00:00,0.0,0.0,2024-12-19,5
2024-12-19 06:00:00,0.04197718,0.122005,2024-12-19,6
2024-12-19 07:00:00,0.1966226,0.2802154,2024-12-19,7
2024-12-19 08:00:00,0.354416,0.46362,2024-12-19,8
2024-12-19 09:00:00,0.3473928,0.3788391,2024-12-19,9
2024-12-19 10:00:00,0.04145275,0.0403203,2024-12-19,10
2024-12-19 11:00:00,0.2404828,0.2364431,2024-12-19,11
2024-12-19 12:00:00,0.414173,0.4494284,2024-12-19,12
2024-12-19 13:00:00,0.4595838,0.5580397,2024-12-19,13
2024-12-19 14:00:00,0.184671,0.1844891,2024-12-19,14
2024-12-19 15:00:00,0.07681033,0.07573463,2024-12-19,15
2024-12-19 16:00:00,0.0299178,0.03147255,2024-12-19,16
2024-12-19 17:00:00,0.0,0.0,2024-12-19,17
2024-12-19 18:00:00,0.0,0.0,2024-12-19,18
2024-12-19 19:00:00,0.0,0.0,2024-12-19,19
2024-12-19 20:00:00,0.0,0.0,2024-12-19,20
2024-12-19 21:00:00,0.0,0.0,2024-12-19,21
2024-12-19 22:00:00,0.0,0.0,2024-12-19,22
2024-12-19 23:00:00,0.0,0.0,2024-12-19,23
2024-12-20 00:00:00,0.0,0.0,2024-12-20,0
2024-12-20 01:00:00,0.0,0.0,2024-12-20,1
2024-12-20 02:00:00,0.0,0.0,2024-12-20,2
2024-12-20 03:00:00,0.0,0.0,2024-12-20,3
2024-12-20 04:00:00,0.0,0.0,2024-12-20,4
2024-12-20 05:00:00,0.0,0.0,2024-12-20,5
2024-12-20 06:00:00,0.0433741,0.141572,2024-12-20,6
2024-12-20 07:00:00,0.05474126,0.05385568,2024-12-20,7
2024-12-20 08:00:00,0.08400027,0.08219989,2024-12-20,8
2024-12-20 09:00:00,0.04622595,0.04499783,2024-12-20,9
2024-12-20 10:00:00,0.1129992,0.1102828,2024-12-20,10
2024-12-20 11:00:00,0.1049126,0.1023114,2024-12-20,11
2024-12-20 12:00:00,0.04323371,0.04205425,2024-12-20,12
2024-12-20 13:00:00,0.02318157,0.02253416,2024-12-20,13
2024-12-20 14:00:00,0.05769269,0.05628029,2024-12-20,14
2024-12-20 15:00:00,0.07851477,0.07743392,2024-12-20,15
2024-12-20 16:00:00,0.01937122,0.01952322,2024-12-20,16
2024-12-20 17:00:00,0.0,0.0,2024-12-20,17
2024-12-20 18:00:00,0.0,0.0,2024-12-20,18
2024-12-20 19:00:00,0.0,0.0,2024-12-20,19
2024-12-20 20:00:00,0.0,0.0,2024-12-20,20
2024-12-20 21:00:00,0.0,0.0,2024-12-20,21
2024-12-20 22:00:00,0.0,0.0,2024-12-20,22
2024-12-20 23:00:00,0.0,0.0,2024-12-20,23
2024-12-21 00:00:00,0.0,0.0,2024-12-21,0
2024-12-21 01:00:00,0.0,0.0,2024-12-21,1
2024-12-21 02:00:00,0.0,0.0,2024-12-21,2
2024-12-21 03:00:00,0.0,0.0,2024-12-21,3
2024-12-21 04:00:00,0.0,0.0,2024-12-21,4
2024-12-21 05:00:00,0.0,0.0,2024-12-21,5
2024-12-21 06:00:00,0.01782221,0.01924841,2024-12-21,6
2024-12-21 07:00:00,0.07228521,0.07147395,2024-12-21,7
2024-12-21 08:00:00,0.1864905,0.1883674,2024-12-21,8
2024-12-21 09:00:00,0.4530021,0.5574363,2024-12-21,9
2024-12-21 10:00:00,0.5194433,0.6237689,2024-12-21,10
2024-12-21 11:00:00,0.2346105,0.2304773,2024-12-21,11
2024-12-21 12:00:00,0.5060708,0.5954509,2024-12-21,12
2024-12-21 13:00:00,0.5859509,0.7782073,2024-12-21,13
2024-12-21 14:00:00,0.3991388,0.5315244,2024-12-21,14
2024-12-21 15:00:00,0.2664699,0.4125504,2024-12-21,15
2024-12-21 16:00:00,0.09213787,0.2678543,2024-12-21,16
2024-12-21 17:00:00,0.0,0.0,2024-12-21,17
2024-12-21 18:00:00,0.0,0.0,2024-12-21,18
2024-12-21 19:00:00,0.0,0.0,2024-12-21,19
2024-12-21 20:00:00,0.0,0.0,2024-12-21,20
2024-12-21 21:00:00,0.0,0.0,2024-12-21,21
2024-12-21 22:00:00,0.0,0.0,2024-12-21,22
2024-12-21 23:00:00,0.0,0.0,2024-12-21,23
2024-12-22 00:00:00,0.0,0.0,2024-12-22,0
2024-12-22 01:00:00,0.0,0.0,2024-12-22,1
2024-12-22 02:00:00,0.0,0.0,2024-12-22,2
2024-12-22 03:00:00,0.0,0.0,2024-12-22,3
2024-12-22 04:00:00,0.0,0.0,2024-12-22,4
2024-12-22 05:00:00,0.0,0.0,2024-12-22,5
2024-12-22 06:00:00,0.02294588,0.02939355,2024-12-22,6
2024-12-22 07:00:00,0.1904154,0.2697425,2024-12-22,7
2024-12-22 08:00:00,0.5156953,0.7474859,2024-12-22,8
2024-12-22 09:00:00,0.676504,0.9201049,2024-12-22,9
2024-12-22 10:00:00,0.6234244,0.8021844,2024-12-22,10
2024-12-22 11:00:00,0.8168761,1.070523,2024-12-22,11
2024-12-22 12:00:00,0.6444063,0.8303348,2024-12-22,12
2024-12-22 13:00:00,0.5196788,0.6641655,2024-12-22,13
2024-12-22 14:00:00,0.504388,0.7160061,2024-12-22,14
2024-12-22 15:00:00,0.2487005,0.3691175,2024-12-22,15
2024-12-22 16:00:00,0.07634733,0.1933616,2024-12-22,16
2024-12-22 17:00:00,0.0,0.0,2024-12-22,17
2024-12-22 18:00:00,0.0,0.0,2024-12-22,18
2024-12-22 19:00:00,0.0,0.0,2024-12-22,19
2024-12-22 20:00:00,0.0,0.0,2024-12-22,20
2024-12-22 21:00:00,0.0,0.0,2024-12-22,21
2024-12-22 22:00:00,0.0,0.0,2024-12-22,22
2024-12-22 23:00:00,0.0,0.0,2024-12-22,23
2024-12-23 00:00:00,0.0,0.0,2024-12-23,0
2024-12-23 01:00:00,0.0,0.0,2024-12-23,1
2024-12-23 02:00:00,0.0,0.0,2024-12-23,2
2024-12-23 03:00:00,0.0,0.0,2024-12-23,3
2024-12-23 04:00:00,0.0,0.0,2024-12-23,4
2024-12-23 05:00:00,0.0,0.0,2024-12-23,5
2024-12-23 06:00:00,0.0465956,0.1971024,2024-12-23,6
2024-12-23 07:00:00,0.1951508,0.2833422,2024-12-23,7
2024-12-23 08:00:00,0.4711793,0.6810101,2024-12-23,8
2024-12-23 09:00:00,0.6684486,0.9089683,2024-12-23,9
2024-12-23 10:00:00,0.6484566,0.8428648,2024-12-23,10
2024-12-23 11:00:00,0.7512183,0.9814774,2024-12-23,11
2024-12-23 12:00:00,0.7743965,1.019948,2024-12-23,12
2024-12-23 13:00:00,0.6863765,0.9252721,2024-12-23,13
2024-12-23 14:00:00,0.5295683,0.7524893,2024-12-23,14
2024-12-23 15:00:00,0.2304819,0.3237271,2024-12-23,15
2024-12-23 16:00:00,0.06087355,0.1116819,2024-12-23,16
2024-12-23 17:00:00,0.0,0.0,2024-12-23,17
2024-12-23 18:00:00,0.0,0.0,2024-12-23,18
2024-12-23 19:00:00,0.0,0.0,2024-12-23,19
2024-12-23 20:00:00,0.0,0.0,2024-12-23,20
2024-12-23 21:00:00,0.0,0.0,2024-12-23,21
2024-12-23 22:00:00,0.0,0.0,2024-12-23,22
2024-12-23 23:00:00,0.0,0.0,2024-12-23,23
2024-12-24 00:00:00,0.0,0.0,2024-12-24,0
2024-12-24 01:00:00,0.0,0.0,2024-12-24,1
2024-12-24 02:00:00,0.0,0.0,2024-12-24,2
2024-12-24 03:00:00,0.0,0.0,2024-12-24,3
2024-12-24 04:00:00,0.0,0.0,2024-12-24,4
2024-12-24 05:00:00,0.0,0.0,2024-12-24,5
2024-12-24 06:00:00,0.04239273,0.163054,2024-12-24,6
2024-12-24 07:00:00,0.1604245,0.201377,2024-12-24,7
2024-12-24 08:00:00,0.2717769,0.3105888,2024-12-24,8
2024-12-24 09:00:00,0.5471119,0.7265161,2024-12-24,9
2024-12-24 10:00:00,0.6011366,0.7650737,2024-12-24,10
2024-12-24 11:00:00,0.7213687,0.9383776,2024-12-24,11
2024-12-24 12:00:00,0.5519252,0.6729631,2024-12-24,12
2024-12-24 13:00:00,0.5928161,0.7875019,2024-12-24,13
2024-12-24 14:00:00,0.5503494,0.7823686,2024-12-24,14
2024-12-24 15:00:00,0.2178422,0.2924035,2024-12-24,15
2024-12-24 16:00:00,0.02801197,0.02857156,2024-12-24,16
2024-12-24 17:00:00,0.0,0.0,2024-12-24,17
2024-12-24 18:00:00,0.0,0.0,2024-12-24,18
2024-12-24 19:00:00,0.0,0.0,2024-12-24,19
2024-12-24 20:00:00,0.0,0.0,2024-12-24,20
2024-12-24 21:00:00,0.0,0.0,2024-12-24,21
2024-12-24 22:00:00,0.0,0.0,2024-12-24,22
2024-12-24 23:00:00,0.0,0.0,2024-12-24,23
2024-12-25 00:00:00,0.0,0.0,2024-12-25,0
2024-12-25 01:00:00,0.0,0.0,2024-12-25,1
2024-12-25 02:00:00,0.0,0.0,2024-12-25,2
2024-12-25 03:00:00,0.0,0.0,2024-12-25,3
2024-12-25 04:00:00,0.0,0.0,2024-12-25,4
2024-12-25 05:00:00,0.0,0.0,2024-12-25,5
2024-12-25 06:00:00,0.0434887,0.1777835,2024-12-25,6
2024-12-25 07:00:00,0.2274888,0.369356,2024-12-25,7
2024-12-25 08:00:00,0.5108296,0.7413073,2024-12-25,8
2024-12-25 09:00:00,0.6797958,0.92509,2024-12-25,9
2024-12-25 10:00:00,0.7224136,0.952934,2024-12-25,10
2024-12-25 11:00:00,0.7297763,0.9504162,2024-12-25,11
2024-12-25 12:00:00,0.6810511,0.8868619,2024-12-25,12
2024-12-25 13:00:00,0.7244192,0.9771758,2024-12-25,13
2024-12-25 14:00:00,0.57208,0.8135815,2024-12-25,14
2024-12-25 15:00:00,0.2806124,0.4366938,2024-12-25,15
2024-12-25 16:00:00,0.09340569,0.2532543,2024-12-25,16
2024-12-25 17:00:00,0.0,0.0,2024-12-25,17
2024-12-25 18:00:00,0.0,0.0,2024-12-25,18
2024-12-25 19:00:00,0.0,0.0,2024-12-25,19
2024-12-25 20:00:00,0.0,0.0,2024-12-25,20
2024-12-25 21:00:00,0.0,0.0,2024-12-25,21
2024-12-25 22:00:00,0.0,0.0,2024-12-25,22
2024-12-25 23:00:00,0.0,0.0,2024-12-25,23
2024-12-26 00:00:00,0.0,0.0,2024-12-26,0
2024-12-26 01:00:00,0.0,0.0,2024-12-26,1
2024-12-26 02:00:00,0.0,0.0,2024-12-26,2
2024-12-26 03:00:00,0.0,0.0,2024-12-26,3
2024-12-26 04:00:00,0.0,0.0,2024-12-26,4
2024-12-26 05:00:00,0.0,0.0,2024-12-26,5
2024-12-26 06:00:00,0.03111538,0.07397982,2024-12-26,6
2024-12-26 07:00:00,0.07715769,0.07651559,2024-12-26,7
2024-12-26 08:00:00,0.041326,0.04027633,2024-12-26,8
2024-12-26 09:00:00,0.1011271,0.09877152,2024-12-26,9
2024-12-26 10:00:00,0.1794165,0.1756996,2024-12-26,10
2024-12-26 11:00:00,0.2444147,0.2404359,2024-12-26,11
2024-12-26 12:00:00,0.584726,0.7283516,2024-12-26,12
2024-12-26 13:00:00,0.4379618,0.5160537,2024-12-26,13
2024-12-26 14:00:00,0.4080294,0.542945,2024-12-26,14
2024-12-26 15:00:00,0.1223244,0.1240669,2024-12-26,15
2024-12-26 16:00:00,0.04159074,0.04700699,2024-12-26,16
2024-12-26 17:00:00,0.0,0.0,2024-12-26,17
2024-12-26 18:00:00,0.0,0.0,2024-12-26,18
2024-12-26 19:00:00,0.0,0.0,2024-12-26,19
2024-12-26 20:00:00,0.0,0.0,2024-12-26,20
2024-12-26 21:00:00,0.0,0.0,2024-12-26,21
2024-12-26 22:00:00,0.0,0.0,2024-12-26,22
2024-12-26 23:00:00,0.0,0.0,2024-12-26,23
2024-12-27 00:00:00,0.0,0.0,2024-12-27,0
2024-12-27 01:00:00,0.0,0.0,2024-12-27,1
2024-12-27 02:00:00,0.0,0.0,2024-12-27,2
2024-12-27 03:00:00,0.0,0.0,2024-12-27,3
2024-12-27 04:00:00,0.0,0.0,2024-12-27,4
2024-12-27 05:00:00,0.0,0.0,2024-12-27,5
2024-12-27 06:00:00,0.0173367,0.01950245,2024-12-27,6
2024-12-27 07:00:00,0.1298286,0.1445323,2024-12-27,7
2024-12-27 08:00:00,0.3046501,0.3713129,2024-12-27,8
2024-12-27 09:00:00,0.541317,0.7170365,2024-12-27,9
2024-12-27 10:00:00,0.5125784,0.6121122,2024-12-27,10
2024-12-27 11:00:00,0.5105619,0.5907282,2024-12-27,11
2024-12-27 12:00:00,0.4921585,0.5697816,2024-12-27,12
2024-12-27 13:00:00,0.3939592,0.4421619,2024-12-27,13
2024-12-27 14:00:00,0.2862251,0.317945,2024-12-27,14
2024-12-27 15:00:00,0.1435116,0.1510089,2024-12-27,15
2024-12-27 16:00:00,0.04317726,0.04918199,2024-12-27,16
2024-12-27 17:00:00,0.0,0.0,2024-12-27,17
2024-12-27 18:00:00,0.0,0.0,2024-12-27,18
2024-12-27 19:00:00,0.0,0.0,2024-12-27,19
2024-12-27 20:00:00,0.0,0.0,2024-12-27,20
2024-12-27 21:00:00,0.0,0.0,2024-12-27,21
2024-12-27 22:00:00,0.0,0.0,2024-12-27,22
2024-12-27 23:00:00,0.0,0.0,2024-12-27,23
2024-12-28 00:00:00,0.0,0.0,2024-12-28,0
2024-12-28 01:00:00,0.0,0.0,2024-12-28,1
2024-12-28 02:00:00,0.0,0.0,2024-12-28,2
2024-12-28 03:00:00,0.0,0.0,2024-12-28,3
2024-12-28 04:00:00,0.0,0.0,2024-12-28,4
2024-12-28 05:00:00,0.0,0.0,2024-12-28,5
2024-12-28 06:00:00,0.03127171,0.08057743,2024-12-28,6
2024-12-28 07:00:00,0.2469872,0.4183026,2024-12-28,7
2024-12-28 08:00:00,0.4465902,0.6433609,2024-12-28,8
2024-12-28 09:00:00,0.5863246,0.7904475,2024-12-28,9
2024-12-28 10:00:00,0.756175,0.9980454,2024-12-28,10
2024-12-28 11:00:00,0.8538238,1.118512,2024-12-28,11
2024-12-28 12:00:00,0.7908627,1.039827,2024-12-28,12
2024-12-28 13:00:00,0.7071929,0.9508724,2024-12-28,13
2024-12-28 14:00:00,0.4980344,0.7005006,2024-12-28,14
2024-12-28 15:00:00,0.3597579,0.5769517,2024-12-28,15
2024-12-28 16:00:00,0.09890408,0.2574687,2024-12-28,16
2024-12-28 17:00:00,0.0,0.0,2024-12-28,17
2024-12-28 18:00:00,0.0,0.0,2024-12-28,18
2024-12-28 19:00:00,0.0,0.0,2024-12-28,19
2024-12-28 20:00:00,0.0,0.0,2024-12-28,20
2024-12-28 21:00:00,0.0,0.0,2024-12-28,21
2024-12-28 22:00:00,0.0,0.0,2024-12-28,22
2024-12-28 23:00:00,0.0,0.0,2024-12-28,23
2024-12-29 00:00:00,0.0,0.0,2024-12-29,0
2024-12-29 01:00:00,0.0,0.0,2024-12-29,1
2024-12-29 02:00:00,0.0,0.0,2024-12-29,2
2024-12-29 03:00:00,0.0,0.0,2024-12-29,3
2024-12-29 04:00:00,0.0,0.0,2024-12-29,4
2024-12-29 05:00:00,0.0,0.0,2024-12-29,5
2024-12-29 06:00:00,0.04214353,0.1807438,2024-12-29,6
2024-12-29 07:00:00,0.2470667,0.4192601,2024-12-29,7
2024-12-29 08:00:00,0.4544639,0.6561631,2024-12-29,8
2024-12-29 09:00:00,0.5116305,0.665176,2024-12-29,9
2024-12-29 10:00:00,0.6194385,0.7946546,2024-12-29,10
2024-12-29 11:00:00,0.5928507,0.7288525,2024-12-29,11
2024-12-29 12:00:00,0.6523606,0.8389254,2024-12-29,12
2024-12-29 13:00:00,0.6223578,0.8294312,2024-12-29,13
2024-12-29 14:00:00,0.5531673,0.7813923,2024-12-29,14
2024-12-29 15:00:00,0.3030091,0.4751995,2024-12-29,15
2024-12-29 16:00:00,0.09781919,0.2474877,2024-12-29,16
2024-12-29 17:00:00,0.0,0.0,2024-12-29,17
2024-12-29 18:00:00,0.0,0.0,2024-12-29,18
2024-12-29 19:00:00,0.0,0.0,2024-12-29,19
2024-12-29 20:00:00,0.0,0.0,2024-12-29,20
2024-12-29 21:00:00,0.0,0.0,2024-12-29,21
2024-12-29 22:00:00,0.0,0.0,2024-12-29,22
2024-12-29 23:00:00,0.0,0.0,2024-12-29,23
2024-12-30 00:00:00,0.0,0.0,2024-12-30,0
2024-12-30 01:00:00,0.0,0.0,2024-12-30,1
2024-12-30 02:00:00,0.0,0.0,2024-12-30,2
2024-12-30 03:00:00,0.0,0.0,2024-12-30,3
2024-12-30 04:00:00,0.0,0.0,2024-12-30,4
2024-12-30 05:00:00,0.0,0.0,2024-12-30,5
2024-12-30 06:00:00,0.02855021,0.06583823,2024-12-30,6
2024-12-30 07:00:00,0.1301379,0.1460721,2024-12-30,7
2024-12-30 08:00:00,0.2346088,0.2527888,2024-12-30,8
2024-12-30 09:00:00,0.3343457,0.3609869,2024-12-30,9
2024-12-30 10:00:00,0.5016362,0.5926809,2024-12-30,10
2024-12-30 11:00:00,0.3525437,0.3607634,2024-12-30,11
2024-12-30 12:00:00,0.3917172,0.4150717,2024-12-30,12
2024-12-30 13:00:00,0.3274198,0.3430926,2024-12-30,13
2024-12-30 14:00:00,0.5127115,0.7207541,2024-12-30,14
2024-12-30 15:00:00,0.2507843,0.3568562,2024-12-30,15
2024-12-30 16:00:00,0.07299164,0.1327564,2024-12-30,16
2024-12-30 17:00:00,0.0,0.0,2024-12-30,17
2024-12-30 18:00:00,0.0,0.0,2024-12-30,18
2024-12-30 19:00:00,0.0,0.0,2024-12-30,19
2024-12-30 20:00:00,0.0,0.0,2024-12-30,20
2024-12-30 21:00:00,0.0,0.0,2024-12-30,21
2024-12-30 22:00:00,0.0,0.0,2024-12-30,22
2024-12-30 23:00:00,0.0,0.0,2024-12-30,23
